336013266 1 1783593647.979 1 
345933769 2 1783593648.101 1 
355933934 3 1783593648.151 1 
365932378 4 1783593648.201 1 
375933086 5 1783593648.251 1 
385931985 6 1783593648.301 1 
395932280 7 1783593648.351 1 
405934544 8 1783593648.401 1 
415933476 9 1783593648.451 1 
425941773 10 1783593648.501 1 
435933090 11 1783593648.552 1 
445933054 12 1783593648.602 1 
455934350 13 1783593648.652 1 
465933876 14 1783593648.701 1 
475932417 15 1783593648.752 1 
485933277 16 1783593648.801 1 
495933640 17 1783593648.852 1 
505932804 18 1783593648.902 1 
515933453 19 1783593648.952 1 
525932793 20 1783593649.002 1 
535944649 21 1783593649.052 1 
545934142 22 1783593649.102 1 
555933654 23 1783593649.152 1 
565932940 24 1783593649.202 1 
575934388 25 1783593649.252 1 
585933849 26 1783593649.302 1 
595933660 27 1783593649.352 1 
605985659 28 1783593649.402 1 
616076076 29 1783593649.452 1 
625931905 30 1783593649.502 1 
635985749 31 1783593649.552 1 
646075972 32 1783593649.602 1 
655932830 33 1783593649.652 1 
665933651 34 1783593649.702 1 
675934112 35 1783593649.752 1 
685951310 36 1783593649.802 1 
695932786 37 1783593649.852 1 
705933618 38 1783593649.902 1 
715933686 39 1783593649.952 1 
725933565 40 1783593650.002 1 
736118065 41 1783593650.052 1 
746077147 42 1783593650.103 1 
755932985 43 1783593650.152 1 
765933532 44 1783593650.202 1 
775932205 45 1783593650.252 1 
785932592 46 1783593650.302 1 
795932989 47 1783593650.352 1 
805933750 48 1783593650.402 1 
815932910 49 1783593650.452 1 
825934404 50 1783593650.502 1 
835933072 51 1783593650.552 1 
845932862 52 1783593650.602 1 
855932938 53 1783593650.652 1 
865932902 54 1783593650.702 1 
875933649 55 1783593650.752 1 
885933757 56 1783593650.802 1 
895931890 57 1783593650.852 1 
905933314 58 1783593650.902 1 
915933253 59 1783593650.952 1 
925932219 60 1783593651.002 1 
935944601 61 1783593651.052 1 
945933233 62 1783593651.102 1 
955934499 63 1783593651.152 1 
965933765 64 1783593651.202 1 
975935282 65 1783593651.252 1 
985934367 66 1783593651.302 1 
995933564 67 1783593651.353 1 
1005933448 68 1783593651.402 1 
1015933107 69 1783593651.452 1 
1025932723 70 1783593651.502 1 
1035932602 71 1783593651.552 1 
1045933011 72 1783593651.602 1 
1055933614 73 1783593651.652 1 
1065933079 74 1783593651.702 1 
1075932121 75 1783593651.753 1 
1085933206 76 1783593651.802 1 
1095932756 77 1783593651.853 1 
1105932397 78 1783593651.903 1 
1115934091 79 1783593651.953 1 
1125933561 80 1783593652.002 1 
1135938370 81 1783593652.053 1 
1145933489 82 1783593652.103 1 
1155933357 83 1783593652.152 1 
1165932358 84 1783593652.203 1 
1175933791 85 1783593652.252 1 
1185986372 86 1783593652.303 1 
1196075899 87 1783593652.353 1 
1205933785 88 1783593652.403 1 
1215932090 89 1783593652.453 1 
1225933480 90 1783593652.502 1 
1235933147 91 1783593652.553 1 
1245986395 92 1783593652.603 1 
1256078344 93 1783593652.652 1 
1265933903 94 1783593652.703 1 
1275934221 95 1783593652.752 1 
1285933066 96 1783593652.802 1 
1295932833 97 1783593652.852 1 
1305933567 98 1783593652.902 1 
1315933396 99 1783593652.952 1 
1325934778 100 1783593653.005 1 
1336118687 101 1783593653.052 1 
1346076999 102 1783593653.103 1 
1355935013 103 1783593653.153 1 
1365985177 104 1783593653.202 1 
1376077144 105 1783593653.252 1 
1385933574 106 1783593653.303 1 
1395934771 107 1783593653.352 1 
1405933170 108 1783593653.402 1 
1415933463 109 1783593653.452 1 
1425933253 110 1783593653.502 1 
1435933141 111 1783593653.552 1 
1445988264 112 1783593653.602 1 
1456076174 113 1783593653.652 1 
1465934040 114 1783593653.703 1 
1475933026 115 1783593653.752 1 
1485933489 116 1783593653.802 1 
1495933514 117 1783593653.852 1 
1505933235 118 1783593653.902 1 
1515934357 119 1783593653.952 1 
1525932969 120 1783593654.002 1 
1535946253 121 1783593654.052 1 
1545985977 122 1783593654.102 1 
1556077590 123 1783593654.152 1 
1565932731 124 1783593654.203 1 
1575985363 125 1783593654.252 1 
1586076260 126 1783593654.302 1 
1595932849 127 1783593654.352 1 
1605931970 128 1783593654.402 1 
1615933467 129 1783593654.452 1 
1625933333 130 1783593654.502 1 
1635933678 131 1783593654.552 1 
1645933591 132 1783593654.602 1 
1655951353 133 1783593654.652 1 
1665933735 134 1783593654.702 1 
1675932518 135 1783593654.752 1 
1685934042 136 1783593654.802 1 
1695933973 137 1783593654.852 1 
1705950217 138 1783593654.902 1 
1715932695 139 1783593654.952 1 
1725932810 140 1783593655.002 1 
1735939027 141 1783593655.052 1 
1745933799 142 1783593655.102 1 
1755932876 143 1783593655.152 1 
1765933998 144 1783593655.202 1 
1775932907 145 1783593655.252 1 
1785933473 146 1783593655.302 1 
1795932579 147 1783593655.352 1 
1805933390 148 1783593655.402 1 
1815933242 149 1783593655.452 1 
1825933070 150 1783593655.502 1 
1835933586 151 1783593655.552 1 
1845932992 152 1783593655.602 1 
1855933603 153 1783593655.652 1 
1865933950 154 1783593655.702 1 
1875933268 155 1783593655.752 1 
1885931859 156 1783593655.802 1 
1895951495 157 1783593655.852 1 
1905932787 158 1783593655.902 1 
1915933020 159 1783593655.952 1 
1925933444 160 1783593656.002 1 
1936031122 161 1783593656.052 1 
1945932915 162 1783593656.102 1 
1955933894 163 1783593656.152 1 
1965933365 164 1783593656.202 1 
1975933719 165 1783593656.252 1 
1985933353 166 1783593656.302 1 
1995933711 167 1783593656.352 1 
2005985645 168 1783593656.402 1 
2016076655 169 1783593656.452 1 
2025933657 170 1783593656.503 1 
2035933593 171 1783593656.552 1 
2045932863 172 1783593656.602 1 
2055949629 173 1783593656.652 1 
2065933258 174 1783593656.702 1 
2075985941 175 1783593656.752 1 
2086099007 176 1783593656.802 1 
2095932886 177 1783593656.853 1 
2105933344 178 1783593656.902 1 
2115933587 179 1783593656.952 1 
2125933533 180 1783593657.002 1 
2136030139 181 1783593657.052 1 
2145933153 182 1783593657.102 1 
2155933391 183 1783593657.152 1 
2165932828 184 1783593657.202 1 
2175933561 185 1783593657.252 1 
2185934349 186 1783593657.302 1 
2195933104 187 1783593657.352 1 
2205933285 188 1783593657.402 1 
2215933339 189 1783593657.452 1 
2225933461 190 1783593657.502 1 
2235933763 191 1783593657.552 1 
2245933817 192 1783593657.602 1 
2255932529 193 1783593657.652 1 
2265932796 194 1783593657.703 1 
2275933203 195 1783593657.753 1 
2285933647 196 1783593657.803 1 
2295934816 197 1783593657.853 1 
2305933832 198 1783593657.903 1 
2315933159 199 1783593657.953 1 
2325986141 200 1783593658.005 1 
2336017810 201 1783593658.053 1 
2345932337 202 1783593658.103 1 
2355933916 203 1783593658.153 1 
2365985862 204 1783593658.203 1 
2376076350 205 1783593658.253 1 
2385986418 206 1783593658.304 1 
2396075943 207 1783593658.353 1 
2405951737 208 1783593658.404 1 
2415933098 209 1783593658.453 1 
2425932322 210 1783593658.503 1 
2435933233 211 1783593658.553 1 
2445932859 212 1783593658.603 1 
2455950494 213 1783593658.653 1 
2465934094 214 1783593658.703 1 
2475934948 215 1783593658.753 1 
2485933243 216 1783593658.803 1 
2495933656 217 1783593658.853 1 
2505933966 218 1783593658.903 1 
2515933930 219 1783593658.953 1 
2525932757 220 1783593659.003 1 
2536030853 221 1783593659.053 1 
2545933676 222 1783593659.104 1 
2555933076 223 1783593659.153 1 
2565933600 224 1783593659.203 1 
2575934205 225 1783593659.253 1 
2585933994 226 1783593659.303 1 
2595934229 227 1783593659.353 1 
2605934207 228 1783593659.403 1 
2615933065 229 1783593659.453 1 
2625933570 230 1783593659.503 1 
2635933462 231 1783593659.553 1 
2645952238 232 1783593659.603 1 
2655932980 233 1783593659.653 1 
2665933326 234 1783593659.703 1 
2675933683 235 1783593659.753 1 
2685947767 236 1783593659.803 1 
2695932837 237 1783593659.853 1 
2705933440 238 1783593659.903 1 
2715950685 239 1783593659.953 1 
2725933073 240 1783593660.003 1 
2735937658 241 1783593660.053 1 
2745933220 242 1783593660.103 1 
2755933006 243 1783593660.153 1 
2765932783 244 1783593660.203 1 
2775933459 245 1783593660.253 1 
2785933275 246 1783593660.303 1 
2795932704 247 1783593660.353 1 
2805933216 248 1783593660.403 1 
2815985703 249 1783593660.453 1 
2826076033 250 1783593660.503 1 
2835932121 251 1783593660.554 1 
2845933017 252 1783593660.603 1 
2855932318 253 1783593660.653 1 
2865932371 254 1783593660.703 1 
2875933243 255 1783593660.753 1 
2885933602 256 1783593660.803 1 
2895932587 257 1783593660.853 1 
2905932556 258 1783593660.903 1 
2915932884 259 1783593660.953 1 
2925933764 260 1783593661.003 1 
2935937893 261 1783593661.053 1 
2945934527 262 1783593661.103 1 
2955932969 263 1783593661.153 1 
2965933682 264 1783593661.203 1 
2975933808 265 1783593661.253 1 
2985934055 266 1783593661.303 1 
2995933614 267 1783593661.353 1 
3005932820 268 1783593661.403 1 
3015934183 269 1783593661.453 1 
3025932411 270 1783593661.503 1 
3035933457 271 1783593661.553 1 
3045935497 272 1783593661.603 1 
3055985255 273 1783593661.653 1 
3066075512 274 1783593661.703 1 
3075933091 275 1783593661.754 1 
3085934563 276 1783593661.803 1 
3095933766 277 1783593661.853 1 
3105932967 278 1783593661.903 1 
3115933956 279 1783593661.953 1 
3125934071 280 1783593662.003 1 
3136083201 281 1783593662.053 1 
3145933028 282 1783593662.104 1 
3155932620 283 1783593662.153 1 
3165933682 284 1783593662.203 1 
3175933174 285 1783593662.253 1 
3185934572 286 1783593662.303 1 
3195932726 287 1783593662.353 1 
3205932835 288 1783593662.403 1 
3215934458 289 1783593662.453 1 
3225932941 290 1783593662.503 1 
3235933322 291 1783593662.553 1 
3245934627 292 1783593662.603 1 
3255933195 293 1783593662.653 1 
3265984838 294 1783593662.703 1 
3276077601 295 1783593662.753 1 
3285950302 296 1783593662.804 1 
3295985788 297 1783593662.853 1 
3306076080 298 1783593662.903 1 
3315986747 299 1783593662.954 1 
3326077048 300 1783593663.005 1 
3336068913 301 1783593663.054 1 
3345933275 302 1783593663.104 1 
3355934401 303 1783593663.153 1 
3365933683 304 1783593663.203 1 
3375951011 305 1783593663.253 1 
3385933013 306 1783593663.303 1 
3395933644 307 1783593663.353 1 
3405933937 308 1783593663.403 1 
3415933392 309 1783593663.453 1 
3425932754 310 1783593663.503 1 
3435934134 311 1783593663.553 1 
3445935425 312 1783593663.603 1 
3455932867 313 1783593663.653 1 
3465932634 314 1783593663.703 1 
3475933935 315 1783593663.753 1 
3485934184 316 1783593663.803 1 
3495933334 317 1783593663.853 1 
3505933386 318 1783593663.903 1 
3515933181 319 1783593663.953 1 
3525984486 320 1783593664.003 1 
3536017914 321 1783593664.053 1 
3545932862 322 1783593664.103 1 
3555933773 323 1783593664.153 1 
3565933722 324 1783593664.203 1 
3575934517 325 1783593664.253 1 
3585933462 326 1783593664.303 1 
3595931400 327 1783593664.353 1 
3605933256 328 1783593664.403 1 
3615932624 329 1783593664.453 1 
3625933633 330 1783593664.503 1 
3635934072 331 1783593664.553 1 
3645932670 332 1783593664.603 1 
3655932491 333 1783593664.653 1 
3665932871 334 1783593664.703 1 
3675934029 335 1783593664.753 1 
3685933753 336 1783593664.803 1 
3695933406 337 1783593664.853 1 
3705933488 338 1783593664.903 1 
3715933921 339 1783593664.953 1 
3725933189 340 1783593665.003 1 
3735939245 341 1783593665.053 1 
3745933713 342 1783593665.103 1 
3755932927 343 1783593665.153 1 
3765933730 344 1783593665.203 1 
3775932828 345 1783593665.253 1 
3785933212 346 1783593665.303 1 
3795931854 347 1783593665.353 1 
3805933508 348 1783593665.403 1 
3815932909 349 1783593665.453 1 
3825932657 350 1783593665.503 1 
3835932961 351 1783593665.553 1 
3845986125 352 1783593665.603 1 
3856077618 353 1783593665.653 1 
3865932242 354 1783593665.704 1 
3875933719 355 1783593665.753 1 
3885934194 356 1783593665.803 1 
3895933559 357 1783593665.853 1 
3905933417 358 1783593665.903 1 
3915933922 359 1783593665.953 1 
3925932827 360 1783593666.003 1 
3935946083 361 1783593666.053 1 
3945932936 362 1783593666.103 1 
3955933503 363 1783593666.153 1 
3965933633 364 1783593666.203 1 
3975931542 365 1783593666.253 1 
3985934483 366 1783593666.303 1 
3995933403 367 1783593666.353 1 
4005934642 368 1783593666.403 1 
4015933097 369 1783593666.453 1 
4025933585 370 1783593666.503 1 
4035934301 371 1783593666.553 1 
4045932153 372 1783593666.603 1 
4055933193 373 1783593666.653 1 
4065931900 374 1783593666.703 1 
4075934016 375 1783593666.753 1 
4085933518 376 1783593666.803 1 
4095933156 377 1783593666.853 1 
4105932548 378 1783593666.903 1 
4115933271 379 1783593666.953 1 
4125933942 380 1783593667.003 1 
4136082049 381 1783593667.053 1 
4145951466 382 1783593667.104 1 
4155930995 383 1783593667.153 1 
4165933045 384 1783593667.203 1 
4175933156 385 1783593667.253 1 
4185932478 386 1783593667.303 1 
4195934588 387 1783593667.353 1 
4205933653 388 1783593667.403 1 
4215932553 389 1783593667.453 1 
4225932716 390 1783593667.503 1 
4235932910 391 1783593667.553 1 
4245933322 392 1783593667.603 1 
4255933475 393 1783593667.653 1 
4265933716 394 1783593667.703 1 
4275950848 395 1783593667.753 1 
4285932923 396 1783593667.803 1 
967407 397 1783593667.853 1 
10964933 398 1783593667.903 1 
20966032 399 1783593667.953 1 
30965533 400 1783593668.003 1 
41115501 401 1783593668.090 1 
50965227 402 1783593668.104 1 
60965883 403 1783593668.153 1 
70966701 404 1783593668.203 1 
80964946 405 1783593668.253 1 
90968307 406 1783593668.303 1 
100966530 407 1783593668.353 1 
110965420 408 1783593668.403 1 
120965353 409 1783593668.453 1 
130965590 410 1783593668.503 1 
140966483 411 1783593668.553 1 
150967118 412 1783593668.603 1 
160965761 413 1783593668.653 1 
170966070 414 1783593668.703 1 
180966461 415 1783593668.753 1 
190966032 416 1783593668.803 1 
201017730 417 1783593668.853 1 
211110206 418 1783593668.904 1 
220965848 419 1783593668.954 1 
230965700 420 1783593669.003 1 
240971612 421 1783593669.053 1 
250965750 422 1783593669.103 1 
260966119 423 1783593669.153 1 
270966016 424 1783593669.203 1 
280966664 425 1783593669.253 1 
290964680 426 1783593669.303 1 
300966786 427 1783593669.353 1 
310965627 428 1783593669.403 1 
320965152 429 1783593669.453 1 
330966111 430 1783593669.503 1 
340965966 431 1783593669.553 1 
350965999 432 1783593669.603 1 
360965976 433 1783593669.653 1 
370965658 434 1783593669.703 1 
380966075 435 1783593669.753 1 
391019142 436 1783593669.803 1 
401109013 437 1783593669.853 1 
410965640 438 1783593669.904 1 
420967250 439 1783593669.953 1 
430965901 440 1783593670.003 1 
440972836 441 1783593670.053 1 
450965775 442 1783593670.103 1 
460966828 443 1783593670.153 1 
470966741 444 1783593670.203 1 
480964793 445 1783593670.253 1 
491018010 446 1783593670.303 1 
501109041 447 1783593670.353 1 
510966757 448 1783593670.404 1 
520966452 449 1783593670.453 1 
530983925 450 1783593670.503 1 
540966218 451 1783593670.553 1 
550966368 452 1783593670.603 1 
560966500 453 1783593670.653 1 
570965534 454 1783593670.703 1 
580966323 455 1783593670.753 1 
590965950 456 1783593670.803 1 
600966004 457 1783593670.853 1 
610966387 458 1783593670.903 1 
620965932 459 1783593670.953 1 
630964581 460 1783593671.003 1 
640977552 461 1783593671.053 1 
650966134 462 1783593671.103 1 
660967675 463 1783593671.153 1 
670965562 464 1783593671.203 1 
680967977 465 1783593671.253 1 
690965337 466 1783593671.303 1 
700966832 467 1783593671.353 1 
710966119 468 1783593671.403 1 
720965682 469 1783593671.453 1 
730965460 470 1783593671.503 1 
740966554 471 1783593671.553 1 
750964401 472 1783593671.603 1 
760965439 473 1783593671.653 1 
770964866 474 1783593671.703 1 
780967475 475 1783593671.753 1 
790986681 476 1783593671.803 1 
801017517 477 1783593671.853 1 
811109942 478 1783593671.904 1 
820966171 479 1783593671.954 1 
830965807 480 1783593672.003 1 
840971909 481 1783593672.053 1 
850966361 482 1783593672.103 1 
860965507 483 1783593672.153 1 
870967073 484 1783593672.203 1 
880966793 485 1783593672.253 1 
890965587 486 1783593672.303 1 
900966042 487 1783593672.353 1 
910965887 488 1783593672.403 1 
920965595 489 1783593672.453 1 
930966580 490 1783593672.503 1 
940967074 491 1783593672.553 1 
950967053 492 1783593672.604 1 
960965378 493 1783593672.653 1 
970966556 494 1783593672.703 1 
980964716 495 1783593672.753 1 
990965026 496 1783593672.803 1 
1000967276 497 1783593672.853 1 
1010966573 498 1783593672.903 1 
1020966681 499 1783593672.953 1 
1030965821 500 1783593673.003 1 
1041150050 501 1783593673.055 1 
1051109666 502 1783593673.104 1 
1060983243 503 1783593673.154 1 
1070967251 504 1783593673.204 1 
1080966562 505 1783593673.253 1 
1090965821 506 1783593673.303 1 
1100967215 507 1783593673.353 1 
1110967179 508 1783593673.403 1 
1120967050 509 1783593673.453 1 
1130966927 510 1783593673.503 1 
1140965734 511 1783593673.553 1 
1150966226 512 1783593673.603 1 
1160965126 513 1783593673.653 1 
1170965781 514 1783593673.703 1 
1181018089 515 1783593673.753 1 
1191109147 516 1783593673.804 1 
1200965746 517 1783593673.854 1 
1210966650 518 1783593673.903 1 
1220966378 519 1783593673.953 1 
1230965941 520 1783593674.003 1 
1240970387 521 1783593674.053 1 
1250965972 522 1783593674.103 1 
1260966846 523 1783593674.153 1 
1270967117 524 1783593674.203 1 
1280965381 525 1783593674.253 1 
1290967442 526 1783593674.303 1 
1300965911 527 1783593674.353 1 
1310964823 528 1783593674.403 1 
1321018025 529 1783593674.453 1 
1331109691 530 1783593674.504 1 
1340966596 531 1783593674.554 1 
1350966052 532 1783593674.603 1 
1360964239 533 1783593674.653 1 
1370966047 534 1783593674.703 1 
1380967457 535 1783593674.753 1 
1390966417 536 1783593674.803 1 
1400966406 537 1783593674.853 1 
1411018788 538 1783593674.904 1 
1421108345 539 1783593674.954 1 
1430965383 540 1783593675.004 1 
1441100933 541 1783593675.053 1 
1450966603 542 1783593675.104 1 
1460966480 543 1783593675.153 1 
1470965188 544 1783593675.203 1 
1480965641 545 1783593675.253 1 
1490965507 546 1783593675.303 1 
1500965941 547 1783593675.353 1 
1510965148 548 1783593675.403 1 
1520964944 549 1783593675.453 1 
1530965997 550 1783593675.503 1 
1540966247 551 1783593675.553 1 
1550965895 552 1783593675.603 1 
1560966627 553 1783593675.653 1 
1570965525 554 1783593675.703 1 
1580985033 555 1783593675.753 1 
1590965793 556 1783593675.804 1 
1600965714 557 1783593675.853 1 
1610965324 558 1783593675.904 1 
1620965189 559 1783593675.954 1 
1630966767 560 1783593676.004 1 
1640972111 561 1783593676.053 1 
1650966658 562 1783593676.104 1 
1660966394 563 1783593676.153 1 
1670968369 564 1783593676.203 1 
1680965805 565 1783593676.254 1 
1690966420 566 1783593676.303 1 
1700964526 567 1783593676.353 1 
1710965233 568 1783593676.403 1 
1720965547 569 1783593676.453 1 
1730967144 570 1783593676.503 1 
1740966560 571 1783593676.553 1 
1750966799 572 1783593676.603 1 
1760965252 573 1783593676.653 1 
1770965727 574 1783593676.703 1 
1780966036 575 1783593676.753 1 
1790966631 576 1783593676.803 1 
1800965815 577 1783593676.853 1 
1810966324 578 1783593676.904 1 
1820965091 579 1783593676.954 1 
1830965870 580 1783593677.003 1 
1840971962 581 1783593677.054 1 
1850965436 582 1783593677.104 1 
1860966353 583 1783593677.153 1 
1870965647 584 1783593677.203 1 
1880966044 585 1783593677.253 1 
1890966131 586 1783593677.303 1 
1900967235 587 1783593677.353 1 
1910965064 588 1783593677.403 1 
1920965528 589 1783593677.454 1 
1930965143 590 1783593677.503 1 
1940981276 591 1783593677.553 1 
1950965885 592 1783593677.604 1 
1960966672 593 1783593677.653 1 
1970964986 594 1783593677.703 1 
1980965358 595 1783593677.754 1 
1990966220 596 1783593677.803 1 
2000984405 597 1783593677.853 1 
2010966326 598 1783593677.904 1 
2020966442 599 1783593677.954 1 
2030964280 600 1783593678.003 1 
2041102734 601 1783593678.055 1 
2050965582 602 1783593678.104 1 
2060965975 603 1783593678.154 1 
2070966304 604 1783593678.204 1 
2080966046 605 1783593678.254 1 
2090966543 606 1783593678.305 1 
2100965901 607 1783593678.353 1 
2110966528 608 1783593678.403 1 
2120967071 609 1783593678.453 1 
2130966151 610 1783593678.503 1 
2140965807 611 1783593678.554 1 
2151018329 612 1783593678.603 1 
2161108419 613 1783593678.654 1 
2170965534 614 1783593678.704 1 
2180964967 615 1783593678.754 1 
2190965593 616 1783593678.804 1 
2200964921 617 1783593678.854 1 
2210967030 618 1783593678.904 1 
2220966107 619 1783593678.954 1 
2230965528 620 1783593679.004 1 
2240977839 621 1783593679.054 1 
2250967663 622 1783593679.104 1 
2260964922 623 1783593679.154 1 
2270965477 624 1783593679.204 1 
2280965781 625 1783593679.254 1 
2290964917 626 1783593679.304 1 
2300966495 627 1783593679.354 1 
2310966886 628 1783593679.404 1 
2320966705 629 1783593679.454 1 
2330965462 630 1783593679.504 1 
2340965782 631 1783593679.554 1 
2350964966 632 1783593679.604 1 
2361018054 633 1783593679.654 1 
2371108538 634 1783593679.704 1 
2380966629 635 1783593679.754 1 
2390966338 636 1783593679.804 1 
2400966098 637 1783593679.854 1 
2410990465 638 1783593679.904 1 -3.365 11.382 1.495 23.561 74 421 
2420965755 639 1783593679.955 1 
2430964290 640 1783593680.004 1 
2441117384 641 1783593680.054 1 
2450984261 642 1783593680.104 1 
2460966060 643 1783593680.154 1 
2470983402 644 1783593680.204 1 
2480966476 645 1783593680.254 1 
2490965523 646 1783593680.304 1 
2500965604 647 1783593680.354 1 
2510993674 648 1783593680.404 1 
2520965086 649 1783593680.454 1 
2530964587 650 1783593680.504 1 
2540965063 651 1783593680.554 1 
2550965209 652 1783593680.604 1 
2560965276 653 1783593680.653 1 
2570966010 654 1783593680.704 1 
2580967597 655 1783593680.754 1 
2591018337 656 1783593680.804 1 
2601109512 657 1783593680.854 1 
2610965186 658 1783593680.904 1 
2620967037 659 1783593680.954 1 
2630966000 660 1783593681.004 1 
2640977862 661 1783593681.054 1 
2650966031 662 1783593681.104 1 
2660965313 663 1783593681.154 1 
2670966592 664 1783593681.204 1 
2680966775 665 1783593681.254 1 
2690966069 666 1783593681.304 1 
2700965933 667 1783593681.354 1 
2710966979 668 1783593681.404 1 
2720965253 669 1783593681.454 1 
2730965447 670 1783593681.504 1 
2740965820 671 1783593681.554 1 
2750966465 672 1783593681.604 1 
2760965634 673 1783593681.654 1 
2770965665 674 1783593681.704 1 
2780965788 675 1783593681.754 1 
2790965702 676 1783593681.804 1 
2800966056 677 1783593681.854 1 
2810967460 678 1783593681.904 1 
2820965581 679 1783593681.954 1 
2830964814 680 1783593682.004 1 
2840977975 681 1783593682.054 1 
2850965620 682 1783593682.104 1 
2860965538 683 1783593682.154 1 
2870966862 684 1783593682.204 1 
2880965948 685 1783593682.254 1 
2890967295 686 1783593682.304 1 
2900966077 687 1783593682.354 1 
2910967715 688 1783593682.404 1 
2920967492 689 1783593682.454 1 
2930964343 690 1783593682.504 1 
2940965629 691 1783593682.554 1 
2950965740 692 1783593682.604 1 
2960983496 693 1783593682.654 1 
2970966335 694 1783593682.704 1 
2980966087 695 1783593682.754 1 
2990966426 696 1783593682.804 1 
3000965503 697 1783593682.854 1 
3010965916 698 1783593682.904 1 
3020965586 699 1783593682.954 1 
3030966333 700 1783593683.004 1 
3040977965 701 1783593683.055 1 
3050966090 702 1783593683.104 1 
3060966056 703 1783593683.154 1 
3070965464 704 1783593683.204 1 
3080966551 705 1783593683.254 1 
3090965680 706 1783593683.304 1 
3100964858 707 1783593683.354 1 
3110965155 708 1783593683.404 1 
3120966946 709 1783593683.454 1 
3130983579 710 1783593683.504 1 
3140965041 711 1783593683.554 1 
3150965967 712 1783593683.604 1 
3160964955 713 1783593683.654 1 
3170965478 714 1783593683.704 1 
3180965647 715 1783593683.754 1 
3190966029 716 1783593683.804 1 
3200965764 717 1783593683.854 1 
3210965092 718 1783593683.904 1 
3220965563 719 1783593683.954 1 
3230966901 720 1783593684.004 1 
3240978635 721 1783593684.054 1 
3250965822 722 1783593684.104 1 
3260965215 723 1783593684.154 1 
3270965484 724 1783593684.204 1 
3280965159 725 1783593684.254 1 
3290965200 726 1783593684.304 1 
3300966141 727 1783593684.354 1 
3310966121 728 1783593684.404 1 
3320967015 729 1783593684.454 1 
3330965931 730 1783593684.504 1 
3340965187 731 1783593684.554 1 
3350966033 732 1783593684.604 1 
3360965847 733 1783593684.654 1 
3370966788 734 1783593684.704 1 
3381017084 735 1783593684.754 1 
3391108646 736 1783593684.804 1 
3400965171 737 1783593684.855 1 
3410966622 738 1783593684.904 1 
3420965465 739 1783593684.954 1 
3430965356 740 1783593685.004 1 
3440979036 741 1783593685.054 1 
3450964854 742 1783593685.104 1 
3460965404 743 1783593685.154 1 
3470965929 744 1783593685.204 1 
3480965800 745 1783593685.254 1 
3490965954 746 1783593685.304 1 
3500965611 747 1783593685.354 1 
3510965647 748 1783593685.404 1 
3520964671 749 1783593685.454 1 
3530965566 750 1783593685.504 1 
3540966376 751 1783593685.554 1 
3550965830 752 1783593685.604 1 
3560966632 753 1783593685.654 1 
3570966289 754 1783593685.704 1 
3581018536 755 1783593685.754 1 
3591109358 756 1783593685.804 1 
3600965362 757 1783593685.855 1 
3610966897 758 1783593685.904 1 
3620966512 759 1783593685.954 1 
3630966890 760 1783593686.004 1 
3640978499 761 1783593686.054 1 
3650965081 762 1783593686.104 1 
3660964714 763 1783593686.154 1 
3670964930 764 1783593686.204 1 
3680965302 765 1783593686.254 1 
3690964536 766 1783593686.304 1 
3700965884 767 1783593686.354 1 
3710966658 768 1783593686.404 1 
3720965526 769 1783593686.454 1 
3730967293 770 1783593686.504 1 
3740965170 771 1783593686.554 1 
3750965934 772 1783593686.604 1 
3760984548 773 1783593686.654 1 
3770966356 774 1783593686.704 1 
3780966507 775 1783593686.754 1 
3790966344 776 1783593686.804 1 
3800965979 777 1783593686.854 1 
3810965923 778 1783593686.904 1 
3820966260 779 1783593686.954 1 
3830965566 780 1783593687.004 1 
3841116001 781 1783593687.054 1 
3850964126 782 1783593687.105 1 
3860965688 783 1783593687.154 1 
3870984234 784 1783593687.204 1 
3880965680 785 1783593687.254 1 
3890966068 786 1783593687.304 1 
3900965813 787 1783593687.354 1 
3910964108 788 1783593687.404 1 
3920966574 789 1783593687.454 1 
3930964968 790 1783593687.504 1 
3940965073 791 1783593687.554 1 
3951019390 792 1783593687.604 1 
3961109739 793 1783593687.654 1 
3970966603 794 1783593687.705 1 
3980966958 795 1783593687.754 1 
3990965624 796 1783593687.804 1 
4000965805 797 1783593687.854 1 
4010966737 798 1783593687.904 1 
4021017683 799 1783593687.954 1 
4031109902 800 1783593688.004 1 
4040978070 801 1783593688.057 1 
4050965688 802 1783593688.104 1 
4060965943 803 1783593688.154 1 
4070967537 804 1783593688.204 1 
4080964989 805 1783593688.254 1 
4090965903 806 1783593688.304 1 
4100965764 807 1783593688.354 1 
4110965823 808 1783593688.404 1 
4120966633 809 1783593688.454 1 
4130965529 810 1783593688.504 1 
4140965668 811 1783593688.554 1 
4150964617 812 1783593688.604 1 
4160965833 813 1783593688.654 1 
4170967174 814 1783593688.704 1 
4180965598 815 1783593688.754 1 
4190965434 816 1783593688.804 1 
4200966377 817 1783593688.854 1 
4210965891 818 1783593688.904 1 
4220965504 819 1783593688.954 1 
4230966658 820 1783593689.004 1 
4240978521 821 1783593689.054 1 
4250965651 822 1783593689.104 1 
4260967351 823 1783593689.154 1 
4270966555 824 1783593689.204 1 
4280965626 825 1783593689.254 1 
4290965300 826 1783593689.304 1 
5997639 827 1783593689.354 1 
15999235 828 1783593689.404 1 
25998447 829 1783593689.454 1 
35996867 830 1783593689.504 1 
45998995 831 1783593689.554 1 
55998755 832 1783593689.604 1 
65998029 833 1783593689.654 1 
75997817 834 1783593689.704 1 
85998960 835 1783593689.754 1 
95999251 836 1783593689.804 1 
105998702 837 1783593689.854 1 
115999021 838 1783593689.904 1 
125997798 839 1783593689.954 1 
136020455 840 1783593690.004 1 
146004920 841 1783593690.054 1 
155998251 842 1783593690.104 1 
165997501 843 1783593690.154 1 
175998922 844 1783593690.204 1 
185998635 845 1783593690.254 1 
195999204 846 1783593690.304 1 
205998621 847 1783593690.354 1 
215999314 848 1783593690.404 1 
225998099 849 1783593690.454 1 
235997979 850 1783593690.504 1 
245998489 851 1783593690.554 1 
255998686 852 1783593690.604 1 
266052014 853 1783593690.654 1 
276141787 854 1783593690.704 1 
285999562 855 1783593690.755 1 
295998499 856 1783593690.804 1 
305996759 857 1783593690.854 1 
315998338 858 1783593690.904 1 
325998274 859 1783593690.954 1 
335998606 860 1783593691.004 1 
346010143 861 1783593691.054 1 
355999657 862 1783593691.104 1 
365998715 863 1783593691.154 1 
375998656 864 1783593691.204 1 
385999771 865 1783593691.254 1 
395998142 866 1783593691.304 1 
405998779 867 1783593691.354 1 
415999314 868 1783593691.404 1 
425998768 869 1783593691.454 1 
435998442 870 1783593691.504 1 
445998414 871 1783593691.554 1 
455999702 872 1783593691.604 1 
465999151 873 1783593691.654 1 
475999574 874 1783593691.704 1 
485998289 875 1783593691.754 1 
495999104 876 1783593691.804 1 
505997887 877 1783593691.854 1 
515999065 878 1783593691.904 1 
525998273 879 1783593691.954 1 
535999206 880 1783593692.005 1 
546003326 881 1783593692.055 1 
556000102 882 1783593692.104 1 
565998612 883 1783593692.154 1 
575997505 884 1783593692.204 1 
585998990 885 1783593692.254 1 
595999314 886 1783593692.304 1 
605998313 887 1783593692.354 1 
615999044 888 1783593692.404 1 
625999038 889 1783593692.454 1 
635999582 890 1783593692.504 1 
645997109 891 1783593692.554 1 
656000183 892 1783593692.604 1 
665999027 893 1783593692.654 1 
676050636 894 1783593692.704 1 
686141887 895 1783593692.754 1 
695997478 896 1783593692.805 1 
706052265 897 1783593692.854 1 
716143287 898 1783593692.905 1 
726000459 899 1783593692.955 1 
736049999 900 1783593693.004 1 
746083263 901 1783593693.056 1 
755998465 902 1783593693.105 1 
765998285 903 1783593693.154 1 
776000041 904 1783593693.204 1 
785999122 905 1783593693.254 1 
795999929 906 1783593693.303 1 
805999490 907 1783593693.353 1 
815997629 908 1783593693.403 1 
825999869 909 1783593693.453 1 
835998627 910 1783593693.503 1 
845998945 911 1783593693.553 1 
855998377 912 1783593693.603 1 
865998062 913 1783593693.653 1 
875998045 914 1783593693.703 1 
885998828 915 1783593693.753 1 
896000019 916 1783593693.803 1 
905998387 917 1783593693.853 1 
915998239 918 1783593693.904 1 
925999867 919 1783593693.953 1 
935998785 920 1783593694.003 1 
946010617 921 1783593694.053 1 
955998762 922 1783593694.103 1 
965997186 923 1783593694.153 1 
975998730 924 1783593694.203 1 
986051754 925 1783593694.253 1 
996142319 926 1783593694.304 1 
1005999096 927 1783593694.354 1 
1015999935 928 1783593694.403 1 
1025997949 929 1783593694.453 1 
1035999395 930 1783593694.503 1 
1045999276 931 1783593694.553 1 
1055998989 932 1783593694.603 1 
1065998876 933 1783593694.653 1 
1075997923 934 1783593694.703 1 
1085997470 935 1783593694.753 1 
1095997850 936 1783593694.803 1 
1105997894 937 1783593694.853 1 
1115997508 938 1783593694.903 1 
1125997768 939 1783593694.953 1 
1135998242 940 1783593695.003 1 
1146010211 941 1783593695.053 1 
1155998452 942 1783593695.103 1 
1165999528 943 1783593695.153 1 
1175999022 944 1783593695.203 1 
1185998346 945 1783593695.253 1 
1195997947 946 1783593695.303 1 
1205998609 947 1783593695.353 1 
1215999129 948 1783593695.404 1 
1225997869 949 1783593695.454 1 
1235999291 950 1783593695.503 1 
1245998276 951 1783593695.553 1 
1255998177 952 1783593695.603 1 
1265998595 953 1783593695.653 1 
1275998483 954 1783593695.703 1 
1285998689 955 1783593695.754 1 
1295997465 956 1783593695.803 1 
1305998090 957 1783593695.853 1 
1315998028 958 1783593695.903 1 
1325997745 959 1783593695.954 1 
1336050874 960 1783593696.003 1 
1346083206 961 1783593696.054 1 
1355998821 962 1783593696.104 1 
1365999440 963 1783593696.154 1 
1375997896 964 1783593696.203 1 
1386016702 965 1783593696.253 1 
1395999780 966 1783593696.303 1 
1405998866 967 1783593696.353 1 
1415999060 968 1783593696.403 1 
1425998322 969 1783593696.453 1 
1435999197 970 1783593696.503 1 
1445999112 971 1783593696.553 1 
1455998603 972 1783593696.603 1 
1465999125 973 1783593696.653 1 
1475999245 974 1783593696.703 1 
1485997705 975 1783593696.753 1 
1495999283 976 1783593696.803 1 
1505998851 977 1783593696.853 1 
1515998642 978 1783593696.903 1 
1525998635 979 1783593696.953 1 
1536000602 980 1783593697.003 1 
1546094805 981 1783593697.053 1 
1556016531 982 1783593697.104 1 
1565998885 983 1783593697.154 1 
1575999016 984 1783593697.203 1 
1585998611 985 1783593697.253 1 
1595998283 986 1783593697.303 1 
1605999240 987 1783593697.353 1 
1615998274 988 1783593697.403 1 
1625997999 989 1783593697.453 1 
1635998237 990 1783593697.503 1 
1645999539 991 1783593697.553 1 
1655998849 992 1783593697.604 1 
1665997494 993 1783593697.654 1 
1676051024 994 1783593697.704 1 
1686143667 995 1783593697.754 1 
1695998394 996 1783593697.804 1 
1705998474 997 1783593697.853 1 
1715998309 998 1783593697.904 1 
1726051917 999 1783593697.953 1 
1736140518 1000 1783593698.004 1 
1746004338 1001 1783593698.056 1 
1756050390 1002 1783593698.103 1 
1766142076 1003 1783593698.154 1 
1775999259 1004 1783593698.205 1 
1785998159 1005 1783593698.254 1 
1795998304 1006 1783593698.304 1 
1806050669 1007 1783593698.354 1 
1816140492 1008 1783593698.405 1 
1825997867 1009 1783593698.455 1 
1835997866 1010 1783593698.504 1 
1845999893 1011 1783593698.554 1 
1855997830 1012 1783593698.604 1 
1865999447 1013 1783593698.654 1 
1876000115 1014 1783593698.704 1 
1885997664 1015 1783593698.755 1 
1895997701 1016 1783593698.804 1 
1905998715 1017 1783593698.854 1 
1915998187 1018 1783593698.904 1 
1925998408 1019 1783593698.954 1 
1935997204 1020 1783593699.004 1 
1946011779 1021 1783593699.054 1 
1955999083 1022 1783593699.104 1 
1965998236 1023 1783593699.154 1 
1976050215 1024 1783593699.204 1 
1986142249 1025 1783593699.255 1 
1995999378 1026 1783593699.305 1 
2005998711 1027 1783593699.354 1 
2015998319 1028 1783593699.404 1 
2025998520 1029 1783593699.454 1 
2035999517 1030 1783593699.504 1 
2045999437 1031 1783593699.554 1 
2055998530 1032 1783593699.604 1 
2065998287 1033 1783593699.654 1 
2075999298 1034 1783593699.704 1 
2085998714 1035 1783593699.754 1 
2095997776 1036 1783593699.805 1 
2105998921 1037 1783593699.855 1 
2115999140 1038 1783593699.905 1 
2125998778 1039 1783593699.954 1 
2135997610 1040 1783593700.004 1 
2146004118 1041 1783593700.054 1 
2155999391 1042 1783593700.104 1 
2165999173 1043 1783593700.153 1 
2175997353 1044 1783593700.204 1 
2185998112 1045 1783593700.254 1 
196608 33508 1783593700.304 0
336072871 1 1783593701.967 1 
346047133 2 1783593702.090 1 
356014118 3 1783593702.139 1 
366071277 4 1783593702.189 1 
376046321 5 1783593702.239 1 
386013066 6 1783593702.289 1 
396071302 7 1783593702.339 1 
406013430 8 1783593702.389 1 
416072195 9 1783593702.439 1 
426013473 10 1783593702.490 1 
436071574 11 1783593702.540 1 
446013051 12 1783593702.590 1 
456072846 13 1783593702.640 1 
466047215 14 1783593702.690 1 
476013838 15 1783593702.740 1 
486073226 16 1783593702.790 1 
496013668 17 1783593702.840 1 
506072063 18 1783593702.890 1 
516013316 19 1783593702.940 1 
526072414 20 1783593702.990 1 
536082863 21 1783593703.040 1 
546013295 22 1783593703.092 1 
556036931 23 1783593703.140 1 
566071937 24 1783593703.190 1 
576014368 25 1783593703.240 1 
586071565 26 1783593703.290 1 
596013111 27 1783593703.340 1 
606011422 28 1783593703.390 1 
616046730 29 1783593703.440 1 
626046668 30 1783593703.490 1 
636013997 31 1783593703.540 1 
646011824 32 1783593703.590 1 
656013244 33 1783593703.640 1 
666072334 34 1783593703.690 1 
676012998 35 1783593703.740 1 
686072103 36 1783593703.790 1 
696014750 37 1783593703.840 1 
706072253 38 1783593703.890 1 
716013842 39 1783593703.940 1 
726011353 40 1783593703.990 1 
736020961 41 1783593704.040 1 
746076386 42 1783593704.090 1 
756012489 43 1783593704.140 1 
766071503 44 1783593704.190 1 
776046823 45 1783593704.240 1 
786047685 46 1783593704.290 1 
796012907 47 1783593704.340 1 
806072301 48 1783593704.390 1 
816047223 49 1783593704.440 1 
826013243 50 1783593704.490 1 
836072752 51 1783593704.540 1 
846012948 52 1783593704.590 1 
856011359 53 1783593704.640 1 
866014270 54 1783593704.690 1 
876012177 55 1783593704.740 1 
886013394 56 1783593704.791 1 
896011743 57 1783593704.840 1 
906014010 58 1783593704.890 1 
916040274 59 1783593704.941 1 
926013245 60 1783593704.991 1 
936076607 61 1783593705.041 1 
946012034 62 1783593705.091 1 
956014488 63 1783593705.141 1 
966071403 64 1783593705.191 1 
976047081 65 1783593705.241 1 
986046827 66 1783593705.291 1 
996012697 67 1783593705.341 1 
1006071745 68 1783593705.391 1 
1016013915 69 1783593705.441 1 
1026010586 70 1783593705.491 1 
1036014051 71 1783593705.541 1 
1046011049 72 1783593705.591 1 
1056046942 73 1783593705.641 1 
1066012484 74 1783593705.691 1 
1076071415 75 1783593705.741 1 
1086013334 76 1783593705.791 1 
1096071210 77 1783593705.841 1 
1106047181 78 1783593705.891 1 
1115989009 79 1783593705.941 1 
1126046967 80 1783593705.991 1 
1136020791 81 1783593706.041 1 
1146072443 82 1783593706.091 1 
1156047038 83 1783593706.141 1 
1166013769 84 1783593706.191 1 
1176011172 85 1783593706.241 1 
1186014726 86 1783593706.291 1 
1196070935 87 1783593706.341 1 
1206046769 88 1783593706.391 1 
1216045806 89 1783593706.441 1 
1226013947 90 1783593706.491 1 
1236076262 91 1783593706.541 1 
1246046911 92 1783593706.591 1 
1256046517 93 1783593706.641 1 
1266013432 94 1783593706.691 1 
1276072095 95 1783593706.741 1 
1286013888 96 1783593706.791 1 
1296071722 97 1783593706.841 1 
1306047193 98 1783593706.891 1 
1315944703 99 1783593706.941 1 
1326046981 100 1783593706.990 1 
1336020477 101 1783593707.041 1 
1346012354 102 1783593707.091 1 
1356013575 103 1783593707.141 1 
1366077256 104 1783593707.191 1 
1376013979 105 1783593707.241 1 
1386071963 106 1783593707.291 1 
1396013226 107 1783593707.341 1 
1406076599 108 1783593707.391 1 
1416013010 109 1783593707.441 1 
1426011888 110 1783593707.491 1 
1436046602 111 1783593707.541 1 
1446046693 112 1783593707.591 1 
1456047143 113 1783593707.641 1 
1466047195 114 1783593707.691 1 
1476046973 115 1783593707.741 1 
1486061422 116 1783593707.791 1 
1496046938 117 1783593707.841 1 
1506047220 118 1783593707.891 1 
1516013954 119 1783593707.941 1 
1526071675 120 1783593707.991 1 
1536083720 121 1783593708.041 1 
1546013670 122 1783593708.093 1 
1556071393 123 1783593708.141 1 
1566014102 124 1783593708.191 1 
1576071393 125 1783593708.241 1 
1586046146 126 1783593708.291 1 
1596013841 127 1783593708.341 1 
1606072212 128 1783593708.391 1 
1616013636 129 1783593708.441 1 
1626039965 130 1783593708.491 1 
1635988875 131 1783593708.541 1 
1646013809 132 1783593708.591 1 
1656072198 133 1783593708.641 1 
1666014401 134 1783593708.691 1 
1676072526 135 1783593708.741 1 
1686046681 136 1783593708.791 1 
1696012906 137 1783593708.841 1 
1706013180 138 1783593708.891 1 
1716046274 139 1783593708.941 1 
1726014063 140 1783593708.991 1 
1736077115 141 1783593709.041 1 
1746072069 142 1783593709.091 1 
1756015614 143 1783593709.141 1 
1766072460 144 1783593709.191 1 
1776046028 145 1783593709.241 1 
1786046123 146 1783593709.291 1 
1796013418 147 1783593709.341 1 
1806070846 148 1783593709.391 1 
1816013699 149 1783593709.441 1 
1826071859 150 1783593709.491 1 
1836014372 151 1783593709.541 1 
1846076225 152 1783593709.591 1 
1856013558 153 1783593709.641 1 
1866072335 154 1783593709.691 1 
1876013700 155 1783593709.741 1 
1886011781 156 1783593709.791 1 
1896014315 157 1783593709.841 1 
1906072578 158 1783593709.891 1 
1916045197 159 1783593709.941 1 
1926046681 160 1783593709.991 1 
1936021329 161 1783593710.041 1 
1946072408 162 1783593710.091 1 
1956047195 163 1783593710.141 1 
1966013008 164 1783593710.191 1 
1976010810 165 1783593710.241 1 
1985991075 166 1783593710.291 1 
1996046327 167 1783593710.341 1 
2006013284 168 1783593710.391 1 
2016011437 169 1783593710.441 1 
2026014510 170 1783593710.491 1 
2036012488 171 1783593710.541 1 
2046013337 172 1783593710.591 1 
2056012157 173 1783593710.641 1 
2066013727 174 1783593710.691 1 
2076071463 175 1783593710.741 1 
2086046580 176 1783593710.791 1 
2096046947 177 1783593710.841 1 
2106047201 178 1783593710.891 1 
2116013475 179 1783593710.941 1 
2126071985 180 1783593710.991 1 
2136021909 181 1783593711.041 1 
2146072251 182 1783593711.091 1 
2156012641 183 1783593711.141 1 
2166012035 184 1783593711.191 1 
2176047004 185 1783593711.241 1 
2186045684 186 1783593711.291 1 
2196046478 187 1783593711.341 1 
2206013010 188 1783593711.391 1 
2216010679 189 1783593711.441 1 
2226014755 190 1783593711.491 1 
2236071319 191 1783593711.541 1 
2245990432 192 1783593711.591 1 
2256013559 193 1783593711.641 1 
2266011006 194 1783593711.691 1 
2276013717 195 1783593711.741 1 
2286011754 196 1783593711.791 1 
2296013321 197 1783593711.841 1 
2306071373 198 1783593711.891 1 
2315944461 199 1783593711.941 1 
2326012805 200 1783593711.991 1 
2336077663 201 1783593712.041 1 
2346071515 202 1783593712.091 1 
2356013341 203 1783593712.141 1 
2366011375 204 1783593712.191 1 
2376046986 205 1783593712.241 1 
2386046761 206 1783593712.291 1 
2396046737 207 1783593712.341 1 
2406047183 208 1783593712.391 1 
2416012926 209 1783593712.441 1 
2426071969 210 1783593712.491 1 
2436013425 211 1783593712.541 1 
2446010501 212 1783593712.591 1 
2456047211 213 1783593712.641 1 
2466014190 214 1783593712.691 1 
2476073542 215 1783593712.741 1 
2486029178 216 1783593712.791 1 
2496071251 217 1783593712.841 1 
2506046328 218 1783593712.891 1 
2515989103 219 1783593712.941 1 
2526014143 220 1783593712.991 1 
2536078459 221 1783593713.041 1 
2546013095 222 1783593713.091 1 
2556013049 223 1783593713.141 1 
2566073092 224 1783593713.191 1 
2576013320 225 1783593713.241 1 
2586071471 226 1783593713.291 1 
2596047148 227 1783593713.341 1 
2606014212 228 1783593713.391 1 
2616011946 229 1783593713.441 1 
2626046085 230 1783593713.491 1 
2636047166 231 1783593713.541 1 
2646014737 232 1783593713.591 1 
2656011879 233 1783593713.641 1 
2666013253 234 1783593713.691 1 
2676012013 235 1783593713.741 1 
2686012780 236 1783593713.791 1 
2696071289 237 1783593713.841 1 
2706046847 238 1783593713.891 1 
2716012935 239 1783593713.941 1 
2726071770 240 1783593713.991 1 
2736083450 241 1783593714.041 1 
2746013825 242 1783593714.091 1 
2756026260 243 1783593714.141 1 
2766046390 244 1783593714.191 1 
2776013202 245 1783593714.241 1 
2786035938 246 1783593714.291 1 
2796072503 247 1783593714.341 1 
2806047212 248 1783593714.391 1 
2816047219 249 1783593714.441 1 
2826012894 250 1783593714.491 1 
2836010106 251 1783593714.541 1 
2846013401 252 1783593714.591 1 
2856076539 253 1783593714.641 1 
2866013695 254 1783593714.691 1 
2876011531 255 1783593714.741 1 
2886013257 256 1783593714.791 1 
2896071828 257 1783593714.841 1 
2906013407 258 1783593714.892 1 
2916012813 259 1783593714.941 1 
2926046931 260 1783593714.991 1 
2936084708 261 1783593715.041 1 
2946014755 262 1783593715.091 1 
2956072215 263 1783593715.141 1 
2966046757 264 1783593715.191 1 
2976012898 265 1783593715.241 1 
2986011984 266 1783593715.291 1 
2996013898 267 1783593715.341 1 
3006010938 268 1783593715.391 1 
3016046144 269 1783593715.441 1 
3026013984 270 1783593715.491 1 
3036011782 271 1783593715.541 1 
3046014015 272 1783593715.591 1 
3056012115 273 1783593715.641 1 
3066012365 274 1783593715.691 1 
3076071513 275 1783593715.741 1 
3086047183 276 1783593715.791 1 
3096012631 277 1783593715.841 1 
3106011795 278 1783593715.891 1 
3116013239 279 1783593715.941 1 
3126071987 280 1783593715.991 1 
3136021272 281 1783593716.041 1 
3146012045 282 1783593716.091 1 
3156014128 283 1783593716.141 1 
3166071367 284 1783593716.191 1 
3176013940 285 1783593716.241 1 
3186073280 286 1783593716.291 1 
3196013477 287 1783593716.341 1 
3206071394 288 1783593716.391 1 
3216013015 289 1783593716.441 1 
3226010210 290 1783593716.491 1 
3236014098 291 1783593716.541 1 
3246011565 292 1783593716.591 1 
3256047155 293 1783593716.641 1 
3266013327 294 1783593716.691 1 
3276012381 295 1783593716.741 1 
3286047184 296 1783593716.791 1 
3295988492 297 1783593716.841 1 
3306013021 298 1783593716.891 1 
3316072641 299 1783593716.941 1 
3326014220 300 1783593716.991 1 
3336077830 301 1783593717.041 1 
3346071111 302 1783593717.091 1 
3356047221 303 1783593717.141 1 
3366047186 304 1783593717.191 1 
3376012175 305 1783593717.241 1 
3386012061 306 1783593717.291 1 
3396013062 307 1783593717.341 1 
3406039801 308 1783593717.391 1 
3416013794 309 1783593717.441 1 
3426013041 310 1783593717.491 1 
3436013280 311 1783593717.541 1 
3446010465 312 1783593717.591 1 
3456013626 313 1783593717.641 1 
3466071610 314 1783593717.691 1 
3476045970 315 1783593717.741 1 
3486046526 316 1783593717.791 1 
3496046421 317 1783593717.841 1 
3506047235 318 1783593717.892 1 
3516045986 319 1783593717.941 1 
3526013430 320 1783593717.991 1 
3536077341 321 1783593718.041 1 
3546011046 322 1783593718.092 1 
3556047064 323 1783593718.142 1 
3566046954 324 1783593718.191 1 
3576013252 325 1783593718.241 1 
3586072155 326 1783593718.291 1 
3596014371 327 1783593718.341 1 
3606036801 328 1783593718.391 1 
3616012257 329 1783593718.441 1 
3626012658 330 1783593718.491 1 
3636010817 331 1783593718.541 1 
3645989049 332 1783593718.591 1 
3656045189 333 1783593718.641 1 
3666047227 334 1783593718.691 1 
3676012633 335 1783593718.741 1 
3686071498 336 1783593718.791 1 
3696047237 337 1783593718.841 1 
3706046729 338 1783593718.892 1 
3716013043 339 1783593718.941 1 
3726071203 340 1783593718.991 1 
3736020895 341 1783593719.041 1 
3746071463 342 1783593719.091 1 
3756046822 343 1783593719.141 1 
3766014418 344 1783593719.191 1 
3776011179 345 1783593719.241 1 
3786015150 346 1783593719.291 1 
3796072453 347 1783593719.341 1 
3806046763 348 1783593719.392 1 
3816045005 349 1783593719.441 1 
3826045774 350 1783593719.492 1 
3836013390 351 1783593719.541 1 
3846011258 352 1783593719.591 1 
3856013810 353 1783593719.641 1 
3866012037 354 1783593719.691 1 
3876014608 355 1783593719.741 1 
3886012505 356 1783593719.791 1 
3896013300 357 1783593719.841 1 
3906071149 358 1783593719.891 1 
3916046480 359 1783593719.942 1 
3926014497 360 1783593719.992 1 
3936078599 361 1783593720.041 1 
3946010713 362 1783593720.092 1 
3956045991 363 1783593720.141 1 
3966046671 364 1783593720.192 1 
3976047155 365 1783593720.241 1 
3986013273 366 1783593720.292 1 
3996071753 367 1783593720.341 1 
4006047212 368 1783593720.392 1 
4015990552 369 1783593720.441 1 
4026013462 370 1783593720.491 1 
4036012835 371 1783593720.541 1 
4046013966 372 1783593720.591 1 
4056071697 373 1783593720.641 1 
4066013452 374 1783593720.692 1 
4076072618 375 1783593720.741 1 
4086014443 376 1783593720.792 1 
4096010322 377 1783593720.841 1 
4106047185 378 1783593720.891 1 
4116047107 379 1783593720.941 1 
4126046489 380 1783593720.992 1 
4136021977 381 1783593721.041 1 
4146071674 382 1783593721.091 1 
4156047221 383 1783593721.142 1 
4166047054 384 1783593721.192 1 
4175989317 385 1783593721.241 1 
4186045982 386 1783593721.291 1 
4196045806 387 1783593721.341 1 
4205990379 388 1783593721.392 1 
4216046829 389 1783593721.441 1 
4226013097 390 1783593721.492 1 
4236011810 391 1783593721.541 1 
4246013317 392 1783593721.591 1 
4256011241 393 1783593721.641 1 
4266046495 394 1783593721.691 1 
4276013815 395 1783593721.741 1 
4286011252 396 1783593721.791 1 
1046742 397 1783593721.841 1 
11105444 398 1783593721.892 1 
20977347 399 1783593721.942 1 
31045285 400 1783593721.991 1 
41111069 401 1783593722.041 1 
51044752 402 1783593722.092 1 
61046261 403 1783593722.141 1 
71103615 404 1783593722.191 1 
81022487 405 1783593722.242 1 
91045722 406 1783593722.291 1 
101044785 407 1783593722.341 1 
111021741 408 1783593722.391 1 
121045935 409 1783593722.441 1 
131044020 410 1783593722.491 1 
141079894 411 1783593722.541 1 
151079712 412 1783593722.591 1 
161047263 413 1783593722.642 1 
171042932 414 1783593722.691 1 
181079894 415 1783593722.742 1 
191045445 416 1783593722.792 1 
201044032 417 1783593722.841 1 
211045854 418 1783593722.892 1 
221044705 419 1783593722.941 1 
231079899 420 1783593722.991 1 
241116344 421 1783593723.042 1 
251047109 422 1783593723.092 1 
261044731 423 1783593723.142 1 
271022547 424 1783593723.192 1 
281022704 425 1783593723.241 1 
291046153 426 1783593723.291 1 
301104607 427 1783593723.341 1 
311022894 428 1783593723.392 1 
321078677 429 1783593723.441 1 
331045696 430 1783593723.492 1 
341104655 431 1783593723.541 1 
351047116 432 1783593723.592 1 
361042968 433 1783593723.641 1 
371045875 434 1783593723.691 1 
381044737 435 1783593723.741 1 
391079761 436 1783593723.791 1 
401047237 437 1783593723.842 1 
411105348 438 1783593723.892 1 
421079953 439 1783593723.942 1 
431079818 440 1783593723.992 1 
441052412 441 1783593724.042 1 
451044862 442 1783593724.092 1 
461046306 443 1783593724.141 1 
471045284 444 1783593724.191 1 
481079334 445 1783593724.241 1 
491046990 446 1783593724.292 1 
501043402 447 1783593724.341 1 
511046333 448 1783593724.391 1 
521105727 449 1783593724.441 1 
531079255 450 1783593724.492 1 
541045071 451 1783593724.542 1 
551104494 452 1783593724.591 1 
561079612 453 1783593724.642 1 
571079888 454 1783593724.692 1 
581079916 455 1783593724.742 1 
591079914 456 1783593724.792 1 
601022144 457 1783593724.842 1 
611079888 458 1783593724.892 1 
621022922 459 1783593724.942 1 
631047163 460 1783593724.991 1 
641109979 461 1783593725.041 1 
651045224 462 1783593725.092 1 
661045246 463 1783593725.142 1 
671068801 464 1783593725.191 1 
681072618 465 1783593725.242 1 
691092959 466 1783593725.292 1 
701045611 467 1783593725.342 1 
711104391 468 1783593725.391 1 
721079230 469 1783593725.442 1 
731078683 470 1783593725.492 1 
741079320 471 1783593725.542 1 
751079672 472 1783593725.592 1 
761023559 473 1783593725.642 1 
771046429 474 1783593725.691 1 
781043552 475 1783593725.741 1 
791045106 476 1783593725.791 1 
801043597 477 1783593725.842 1 
811045564 478 1783593725.892 1 
821045138 479 1783593725.942 1 
831023317 480 1783593725.992 1 
841054042 481 1783593726.041 1 
851104010 482 1783593726.092 1 
861079917 483 1783593726.142 1 
871045987 484 1783593726.192 1 
881045081 485 1783593726.241 1 
891079193 486 1783593726.292 1 
901079843 487 1783593726.342 1 
911079896 488 1783593726.392 1 
921045741 489 1783593726.442 1 
931107048 490 1783593726.492 1 
941046025 491 1783593726.542 1 
951105390 492 1783593726.592 1 
961047381 493 1783593726.642 1 
971104072 494 1783593726.692 1 
981046022 495 1783593726.742 1 
991104651 496 1783593726.792 1 
1001021998 497 1783593726.842 1 
1011078813 498 1783593726.892 1 
1020977649 499 1783593726.942 1 
1031046811 500 1783593726.991 1 
1041110818 501 1783593727.041 1 
1051104047 502 1783593727.092 1 
1061079797 503 1783593727.142 1 
1071079195 504 1783593727.192 1 
1081046342 505 1783593727.242 1 
1091103943 506 1783593727.292 1 
1101080162 507 1783593727.342 1 
1111046009 508 1783593727.392 1 
1121117331 509 1783593727.441 1 
1131045300 510 1783593727.492 1 
1141044021 511 1783593727.541 1 
1151078467 512 1783593727.592 1 
1161046771 513 1783593727.642 1 
1171105042 514 1783593727.692 1 
1181046465 515 1783593727.742 1 
1191044802 516 1783593727.792 1 
1201047229 517 1783593727.841 1 
1211044599 518 1783593727.892 1 
1221079479 519 1783593727.942 1 
1231021743 520 1783593727.992 1 
1241053749 521 1783593728.041 1 
1251104572 522 1783593728.092 1 
1261045704 523 1783593728.143 1 
1271104678 524 1783593728.192 1 
1281045179 525 1783593728.242 1 
1291104512 526 1783593728.292 1 
1301079209 527 1783593728.342 1 
1311045485 528 1783593728.392 1 
1321044826 529 1783593728.442 1 
1331079040 530 1783593728.492 1 
1341079885 531 1783593728.542 1 
1351021689 532 1783593728.592 1 
1361045970 533 1783593728.641 1 
1371105329 534 1783593728.692 1 
1381046055 535 1783593728.742 1 
1391105637 536 1783593728.792 1 
1401078751 537 1783593728.842 1 
1411046430 538 1783593728.892 1 
1421105335 539 1783593728.942 1 
1431045803 540 1783593728.992 1 
1441111508 541 1783593729.042 1 
1451109443 542 1783593729.092 1 
1461045943 543 1783593729.142 1 
1471108837 544 1783593729.192 1 
1481079867 545 1783593729.242 1 
1491079862 546 1783593729.292 1 
1501079947 547 1783593729.342 1 
1511079930 548 1783593729.392 1 
1521047599 549 1783593729.442 1 
1531104907 550 1783593729.492 1 
1541046227 551 1783593729.542 1 
1551104421 552 1783593729.592 1 
1561061252 553 1783593729.642 1 
1571105272 554 1783593729.692 1 
1581046767 555 1783593729.742 1 
1591061988 556 1783593729.792 1 
1601046545 557 1783593729.842 1 
1611045359 558 1783593729.892 1 
1621079063 559 1783593729.942 1 
1631079329 560 1783593729.992 1 
1641102254 561 1783593730.042 1 
1651046822 562 1783593730.092 1 
1661043554 563 1783593730.142 1 
1671047062 564 1783593730.192 1 
1681045031 565 1783593730.242 1 
1691079529 566 1783593730.292 1 
1701046073 567 1783593730.342 1 
1711043931 568 1783593730.392 1 
1721046351 569 1783593730.442 1 
1731044750 570 1783593730.492 1 
1741078880 571 1783593730.542 1 
1751046371 572 1783593730.592 1 
1761043728 573 1783593730.642 1 
1771078976 574 1783593730.692 1 
1781046962 575 1783593730.742 1 
1791043143 576 1783593730.792 1 
1801078808 577 1783593730.842 1 
1811079400 578 1783593730.892 1 
1821046479 579 1783593730.942 1 
1831043882 580 1783593730.992 1 
1841053358 581 1783593731.042 1 
1851044939 582 1783593731.092 1 
1861079780 583 1783593731.142 1 
1871046740 584 1783593731.192 1 
1881105441 585 1783593731.242 1 
1891078675 586 1783593731.292 1 
1901079652 587 1783593731.342 1 
1911046056 588 1783593731.392 1 
1921105400 589 1783593731.442 1 
1931079447 590 1783593731.492 1 
1941078719 591 1783593731.542 1 
1951079049 592 1783593731.592 1 
1961078926 593 1783593731.642 1 
1971045935 594 1783593731.692 1 
1981104187 595 1783593731.742 1 
1991078371 596 1783593731.792 1 
2001078897 597 1783593731.842 1 
2011046924 598 1783593731.892 1 
2021105083 599 1783593731.942 1 
2031079697 600 1783593731.992 1 
2041054036 601 1783593732.042 1 
2051043307 602 1783593732.092 1 
2061045485 603 1783593732.142 1 
2071104212 604 1783593732.192 1 
2081079934 605 1783593732.242 1 
2091046163 606 1783593732.292 1 
2101108742 607 1783593732.342 1 
2111046567 608 1783593732.392 1 
2121106218 609 1783593732.442 1 
2131079804 610 1783593732.492 1 
2141046702 611 1783593732.542 1 
2151043545 612 1783593732.592 1 
2161079655 613 1783593732.642 1 
2171046512 614 1783593732.692 1 
2181105341 615 1783593732.742 1 
2191080055 616 1783593732.792 1 
2201079924 617 1783593732.842 1 
2211046094 618 1783593732.892 1 
2221044249 619 1783593732.942 1 
2231047027 620 1783593732.992 1 
2241109870 621 1783593733.042 1 
2251043666 622 1783593733.092 1 
2261046380 623 1783593733.144 1 
2271103845 624 1783593733.192 1 
2281078828 625 1783593733.242 1 
2291079896 626 1783593733.292 1 
2301079388 627 1783593733.342 1 
2311079698 628 1783593733.392 1 
2321079895 629 1783593733.442 1 
2331078792 630 1783593733.492 1 
2341046996 631 1783593733.542 1 
2351044435 632 1783593733.592 1 
2361079294 633 1783593733.642 1 
2371079928 634 1783593733.692 1 
2381079969 635 1783593733.742 1 
2391078959 636 1783593733.792 1 
2401046848 637 1783593733.842 1 
2411044258 638 1783593733.892 1 
2421078921 639 1783593733.942 1 
2431079604 640 1783593733.992 1 
2441054020 641 1783593734.042 1 
2451108472 642 1783593734.092 1 
2461080055 643 1783593734.142 1 
2471044544 644 1783593734.192 1 
2481106547 645 1783593734.242 1 
2491045462 646 1783593734.292 1 
2501043623 647 1783593734.342 1 
2511046765 648 1783593734.392 1 
2521109131 649 1783593734.442 1 
2531079533 650 1783593734.492 1 
2541021190 651 1783593734.542 1 
2551079487 652 1783593734.592 1 
2561022329 653 1783593734.642 1 
2571079757 654 1783593734.692 1 
2581079382 655 1783593734.742 1 
2591046186 656 1783593734.792 1 
2601045162 657 1783593734.842 1 
2611046525 658 1783593734.892 1 
2621103990 659 1783593734.942 1 
2631079894 660 1783593734.992 1 
2641053872 661 1783593735.042 1 
2651043946 662 1783593735.092 1 
2661045681 663 1783593735.142 1 
2671105054 664 1783593735.192 1 
2681079916 665 1783593735.242 1 
2691044635 666 1783593735.292 1 
2701104545 667 1783593735.342 1 
2711078704 668 1783593735.392 1 
2721046479 669 1783593735.442 1 
2731104806 670 1783593735.492 1 
2741079150 671 1783593735.542 1 
2751022991 672 1783593735.592 1 
2761044888 673 1783593735.642 1 
2771110000 674 1783593735.692 1 
2781045197 675 1783593735.742 1 
2791073825 676 1783593735.792 1 
2801046669 677 1783593735.842 1 
2811044217 678 1783593735.892 1 
2821079877 679 1783593735.942 1 
2831047524 680 1783593735.992 1 
2841111007 681 1783593736.042 1 
2851044425 682 1783593736.092 1 
2861079417 683 1783593736.142 1 
2871079894 684 1783593736.192 1 
2881078967 685 1783593736.242 1 
2891079313 686 1783593736.292 1 
2901046101 687 1783593736.342 1 
2911109277 688 1783593736.392 1 
2921079604 689 1783593736.442 1 
2931044987 690 1783593736.492 1 
2941044226 691 1783593736.542 1 
2951022308 692 1783593736.592 1 
2961046237 693 1783593736.642 1 
2971104300 694 1783593736.692 1 
2981079395 695 1783593736.742 1 
2991079911 696 1783593736.792 1 
3001046793 697 1783593736.842 1 
3011044924 698 1783593736.892 1 
3020977515 699 1783593736.942 1 
3031079078 700 1783593736.992 1 
3041151267 701 1783593737.042 1 
3051106058 702 1783593737.093 1 
3061046425 703 1783593737.142 1 
3071109556 704 1783593737.192 1 
3081079908 705 1783593737.242 1 
3091078754 706 1783593737.292 1 
3101079891 707 1783593737.342 1 
3111023284 708 1783593737.392 1 
3121046712 709 1783593737.442 1 
3131105238 710 1783593737.492 1 
3141079017 711 1783593737.542 1 
3151046627 712 1783593737.592 1 
3161043766 713 1783593737.642 1 
3171046848 714 1783593737.692 1 
3181045674 715 1783593737.742 1 
3191079920 716 1783593737.792 1 
3201079936 717 1783593737.842 1 
3211079449 718 1783593737.892 1 
3221020939 719 1783593737.942 1 
3231022836 720 1783593737.992 1 
3241054031 721 1783593738.042 1 
3251044990 722 1783593738.092 1 
3261046540 723 1783593738.144 1 
3271045004 724 1783593738.192 1 
3281047463 725 1783593738.242 1 
3291105289 726 1783593738.292 1 
3301023379 727 1783593738.342 1 
3311046134 728 1783593738.392 1 
3321104679 729 1783593738.442 1 
3331046449 730 1783593738.493 1 
3341044610 731 1783593738.542 1 
3351047301 732 1783593738.592 1 
3361103536 733 1783593738.642 1 
3371079339 734 1783593738.693 1 
3381065078 735 1783593738.742 1 
3391044521 736 1783593738.792 1 
3401079871 737 1783593738.842 1 
3411021999 738 1783593738.893 1 
3421078280 739 1783593738.942 1 
3431045726 740 1783593738.992 1 
3441110845 741 1783593739.042 1 
3451044504 742 1783593739.093 1 
3461079899 743 1783593739.142 1 
3471045853 744 1783593739.192 1 
3481044410 745 1783593739.242 1 
3491079880 746 1783593739.292 1 
3501047489 747 1783593739.343 1 
3511104289 748 1783593739.392 1 
3521095300 749 1783593739.443 1 
3531079767 750 1783593739.493 1 
3541045904 751 1783593739.543 1 
3551105409 752 1783593739.592 1 
3561079886 753 1783593739.643 1 
3571045380 754 1783593739.692 1 
3581109021 755 1783593739.742 1 
3591079597 756 1783593739.793 1 
3601046481 757 1783593739.843 1 
3611044722 758 1783593739.892 1 
3621079471 759 1783593739.942 1 
3631079299 760 1783593739.992 1 
3641052769 761 1783593740.043 1 
3651043604 762 1783593740.092 1 
3661079941 763 1783593740.142 1 
3671078939 764 1783593740.192 1 
3681020955 765 1783593740.243 1 
3691061003 766 1783593740.292 1 
3701105402 767 1783593740.342 1 
3711079482 768 1783593740.393 1 
3721047891 769 1783593740.443 1 
3731068195 770 1783593740.492 1 
3741044203 771 1783593740.543 1 
3751045041 772 1783593740.592 1 
3761045122 773 1783593740.642 1 
3771079061 774 1783593740.692 1 
3781045735 775 1783593740.743 1 
3791109785 776 1783593740.792 1 
3801078836 777 1783593740.843 1 
3811079475 778 1783593740.893 1 
3821078462 779 1783593740.943 1 
3831079019 780 1783593740.993 1 
3841053355 781 1783593741.043 1 
3851103600 782 1783593741.092 1 
3861079693 783 1783593741.143 1 
3871079887 784 1783593741.192 1 
3881079460 785 1783593741.243 1 
3891078633 786 1783593741.292 1 
3901047146 787 1783593741.343 1 
3911104954 788 1783593741.392 1 
3921046725 789 1783593741.443 1 
3931044910 790 1783593741.492 1 
3941079895 791 1783593741.542 1 
3951079893 792 1783593741.593 1 
3961047164 793 1783593741.643 1 
3971103793 794 1783593741.692 1 
3981044952 795 1783593741.743 1 
3991103855 796 1783593741.792 1 
4001079152 797 1783593741.843 1 
4011045778 798 1783593741.893 1 
4021108621 799 1783593741.943 1 
4031023321 800 1783593741.993 1 
4041151454 801 1783593742.042 1 
4051043917 802 1783593742.093 1 
4061045533 803 1783593742.143 1 
4071103895 804 1783593742.192 1 
4081023585 805 1783593742.243 1 
4091045096 806 1783593742.292 1 
4101104759 807 1783593742.343 1 
4111047424 808 1783593742.393 1 
4121044090 809 1783593742.443 1 
4131046512 810 1783593742.492 1 
4141043735 811 1783593742.543 1 
4151079819 812 1783593742.592 1 
4161047050 813 1783593742.643 1 
4171105242 814 1783593742.692 1 
4181047149 815 1783593742.743 1 
4191044257 816 1783593742.792 1 
4201047840 817 1783593742.843 1 
4211045091 818 1783593742.893 1 
4221079772 819 1783593742.943 1 
4231046274 820 1783593742.993 1 
4241110317 821 1783593743.043 1 
4251103643 822 1783593743.093 1 
4261046756 823 1783593743.145 1 
4271109847 824 1783593743.193 1 
4281079913 825 1783593743.243 1 
4291045919 826 1783593743.293 1 
6076478 827 1783593743.343 1 
16078356 828 1783593743.393 1 
26136748 829 1783593743.443 1 
36112425 830 1783593743.493 1 
46078217 831 1783593743.543 1 
56077387 832 1783593743.593 1 
66112595 833 1783593743.643 1 
76079478 834 1783593743.693 1 
86076494 835 1783593743.743 1 
96112595 836 1783593743.793 1 
106111679 837 1783593743.843 1 
116111371 838 1783593743.893 1 
126112586 839 1783593743.943 1 
136112445 840 1783593743.993 1 
146086373 841 1783593744.043 1 
156075736 842 1783593744.093 1 
166112587 843 1783593744.143 1 
176079767 844 1783593744.193 1 
186136458 845 1783593744.243 1 
196113775 846 1783593744.293 1 
206079147 847 1783593744.343 1 
216138651 848 1783593744.393 1 
226081178 849 1783593744.443 1 
236137269 850 1783593744.493 1 
246080166 851 1783593744.543 1 
256137214 852 1783593744.593 1 
266079118 853 1783593744.643 1 
276102495 854 1783593744.693 1 
286138395 855 1783593744.743 1 
296112439 856 1783593744.793 1 
306077713 857 1783593744.843 1 
316138318 858 1783593744.893 1 
326112595 859 1783593744.943 1 
336112319 860 1783593744.993 1 
346086181 861 1783593745.043 1 
356135419 862 1783593745.093 1 
366078682 863 1783593745.143 1 
376077116 864 1783593745.193 1 
386078465 865 1783593745.243 1 
396138054 866 1783593745.293 1 
406078549 867 1783593745.343 1 
416138064 868 1783593745.393 1 
426077407 869 1783593745.443 1 
436141703 870 1783593745.493 1 
446112598 871 1783593745.543 1 
456078699 872 1783593745.593 1 
466136910 873 1783593745.643 1 
476111918 874 1783593745.693 1 
486112346 875 1783593745.743 1 
496112423 876 1783593745.793 1 
506112614 877 1783593745.843 1 
516112279 878 1783593745.893 1 
526112581 879 1783593745.943 1 
536077779 880 1783593745.993 1 
546143256 881 1783593746.043 1 
556077879 882 1783593746.093 1 
566112099 883 1783593746.143 1 
576112599 884 1783593746.193 1 
586112610 885 1783593746.243 1 
596078839 886 1783593746.293 1 
606137211 887 1783593746.343 1 
616112371 888 1783593746.393 1 
626078938 889 1783593746.443 1 
636136665 890 1783593746.493 1 
646112211 891 1783593746.543 1 
656079630 892 1783593746.593 1 
666136949 893 1783593746.643 1 
676112622 894 1783593746.693 1 
686079122 895 1783593746.743 1 
696076767 896 1783593746.793 1 
706079971 897 1783593746.843 1 
716137557 898 1783593746.893 1 
726009164 899 1783593746.943 1 
736112582 900 1783593746.993 1 
746149074 901 1783593747.043 1 
756078029 902 1783593747.093 1 
766076374 903 1783593747.143 1 
776078690 904 1783593747.193 1 
786138400 905 1783593747.243 1 
796111915 906 1783593747.293 1 
806112528 907 1783593747.343 1 
816111719 908 1783593747.393 1 
826112623 909 1783593747.443 1 
836078107 910 1783593747.493 1 
846077377 911 1783593747.543 1 
856090038 912 1783593747.593 1 -7.217 7.510 1.312 -4.207 85 415 
866151185 913 1783593747.644 1 -7.050 7.272 1.602 -4.207 123 427 
876093756 914 1783593747.694 1 -6.256 7.789 0.626 -4.207 134 434 
886151528 915 1783593747.744 1 -6.256 7.713 1.251 -4.207 149 434 
896094717 916 1783593747.794 1 -6.249 7.085 1.190 -4.207 166 424 -5.943 7.751 2.190 -4.207 96 429 
906092851 917 1783593747.844 1 -5.951 7.282 1.488 -4.207 181 427 
916091205 918 1783593747.894 1 -5.219 7.532 1.450 -3.366 180 423 
926153830 919 1783593747.944 1 -5.608 6.245 1.602 -4.207 170 433 -4.799 7.522 1.411 -3.366 163 429 
936134145 920 1783593747.994 1 -5.035 6.162 1.259 -4.207 126 416 -4.540 6.917 2.136 -3.366 160 424 -5.363 6.995 1.976 -3.366 166 430 
946228371 921 1783593748.044 1 -4.532 6.488 1.511 -4.207 116 423 -6.943 3.814 3.204 -3.366 97 433 -4.883 8.319 1.526 -3.366 92 424 -5.447 5.701 2.594 -1.683 80 426 
956247969 922 1783593748.095 1 -4.929 6.349 2.075 -5.049 152 425 -5.363 6.572 3.105 -4.207 71 456 -5.798 7.708 1.526 -4.207 113 438 -6.561 8.169 0.656 -4.207 80 439 -4.395 6.291 1.465 -3.366 169 418 -5.493 6.287 2.747 -3.366 89 443 -5.653 7.516 1.488 -3.366 113 436 -4.540 7.115 1.335 -2.524 106 426 
966168266 923 1783593748.147 1 -5.608 6.358 1.068 -4.207 162 438 -3.906 6.605 1.465 -3.366 157 432 -4.280 6.656 1.511 -2.524 156 423 
976169489 924 1783593748.207 1 -6.409 7.312 0.916 -4.207 128 423 -3.891 5.995 1.602 -3.366 132 424 -4.028 6.751 1.762 -3.366 207 420 
986173790 925 1783593748.249 1 -4.150 6.394 1.709 -5.049 135 431 -4.021 6.127 1.892 -3.366 194 429 -4.784 6.239 1.762 -3.366 184 427 -4.517 7.637 1.694 -3.366 69 446 -4.150 6.394 1.709 -2.524 199 425 
996177767 926 1783593748.295 1 -5.341 6.535 1.335 -4.207 69 448 -5.493 8.022 0.916 -4.207 128 431 -2.876 6.281 1.549 -3.366 114 432 -3.273 7.205 1.511 -2.524 131 443 -4.021 6.048 2.129 -1.683 151 422 
1006248430 927 1783593748.374 1 -4.669 6.784 1.038 -4.207 113 440 -5.943 8.030 0.626 -4.207 94 423 -3.319 5.998 1.770 -3.366 159 435 -3.784 6.447 1.183 -3.366 158 435 -3.952 7.879 1.976 -3.366 75 446 -3.319 5.998 1.770 -2.524 164 430 -2.975 6.550 1.373 -1.683 118 423 
1016139522 928 1783593748.405 1 -3.662 5.916 2.289 -4.207 196 421 -4.929 6.349 2.075 -4.207 112 434 -4.395 7.487 1.373 -3.366 110 440 -2.975 6.368 2.060 -2.524 187 424 
1026190002 929 1783593748.450 1 -2.747 6.470 2.060 0.000 133 400 -3.662 6.073 1.831 -3.366 210 423 -4.929 7.725 1.450 -3.366 120 430 -2.777 6.065 1.495 -2.524 192 435 -1.709 7.369 1.953 -2.524 133 442 -4.005 7.429 1.335 -2.524 126 426 -1.656 7.197 1.656 -1.683 158 433 
1036203234 930 1783593748.503 1 -2.434 6.409 1.770 0.000 153 395 -3.891 7.104 1.816 0.841 84 435 -5.081 7.334 1.411 -3.366 110 432 -2.136 6.319 1.495 -2.524 232 424 -2.197 7.089 2.441 -1.683 94 438 -0.534 8.099 2.670 -1.683 78 431 -6.409 5.420 1.602 -1.683 78 431 -3.204 6.086 2.518 -0.841 138 423 
1046180753 931 1783593748.554 1 -1.854 6.159 1.442 0.000 221 387 -5.341 6.403 1.869 -5.049 134 427 -3.098 6.175 1.549 -3.366 172 416 -5.341 6.535 1.335 -3.366 146 446 -1.854 6.159 1.442 -2.524 309 420 -3.174 6.866 1.953 -2.524 129 445 
1056191984 932 1783593748.603 1 -2.953 9.406 3.609 -5.049 68 429 -4.807 6.938 1.335 -4.207 110 454 -4.639 7.903 1.450 -3.366 91 429 -4.784 6.359 1.259 -2.524 149 448 -1.854 6.107 1.648 -1.683 257 419 -1.831 6.786 2.060 -0.841 118 430 
1066231196 933 1783593748.655 1 -4.120 7.587 1.648 -3.366 129 436 -1.923 5.943 2.777 -2.524 216 422 -2.769 7.460 1.259 -2.524 197 444 -1.190 5.974 1.785 -1.683 278 424 -1.549 6.466 2.434 -0.841 166 428 -2.022 12.463 2.831 -0.841 68 420 
1076193658 934 1783593748.706 1 -4.028 6.751 1.762 -3.366 182 429 -4.669 7.401 0.824 -3.366 71 434 -0.595 6.062 1.785 -1.683 223 421 -1.656 7.072 2.129 -0.841 122 449 
1086209140 935 1783593748.753 1 -1.892 6.936 2.365 0.841 96 441 -1.648 6.166 1.648 -2.524 157 433 -1.953 7.501 0.977 -1.683 206 442 -0.954 5.779 1.717 -0.841 198 427 -0.885 6.667 2.213 -0.841 138 449 
1096159948 936 1783593748.806 1 -6.043 16.053 3.845 0.841 75 424 -3.784 6.342 1.656 -3.366 192 429 -1.465 7.576 1.221 -1.683 140 447 -0.793 5.908 2.182 -0.841 285 419 -1.106 6.470 2.655 -0.841 180 442 
1106181807 937 1783593748.862 1 -3.906 6.655 1.221 -3.366 112 435 -3.098 6.116 1.770 -2.524 172 427 -1.984 5.817 1.587 -1.683 204 423 -1.892 7.139 1.656 -1.683 173 440 -1.816 7.995 1.297 -1.683 83 440 -0.641 6.305 2.563 -0.841 230 421 
1116241424 938 1783593748.910 1 -1.328 6.332 2.876 0.841 117 428 -3.433 6.133 2.060 -4.207 121 431 -3.662 6.619 1.953 -3.366 122 434 -2.655 6.320 1.770 -2.524 150 442 -3.021 7.314 1.511 -2.524 124 439 -0.954 5.832 1.526 -1.683 155 429 -0.237 7.430 1.419 -0.841 123 446 
1126155145 939 1783593748.958 1 -2.876 6.155 1.991 -2.524 243 423 0.000 5.800 2.579 -0.841 234 409 -0.473 7.494 0.946 -0.841 157 432 0.000 12.427 0.778 -0.841 82 427 
1136194933 940 1783593749.002 1 0.000 10.668 3.510 0.841 108 431 -2.876 6.079 2.213 -2.524 209 429 -2.335 7.812 1.556 -2.524 77 443 -1.854 6.159 1.442 -1.683 184 424 -0.191 5.854 1.717 -0.841 228 415 -0.977 7.561 1.709 -0.841 213 429 
1146223270 941 1783593749.057 1 -2.365 6.867 2.129 0.841 93 438 -2.136 6.202 1.923 -4.207 110 418 -2.518 6.562 2.060 -2.524 158 436 -1.442 6.217 1.648 -1.683 219 428 -1.709 7.481 1.465 -1.683 145 434 
1156175330 942 1783593749.105 1 -1.991 6.496 1.991 -3.366 130 422 -1.648 6.217 1.442 -1.683 185 438 -1.221 7.465 1.953 -0.841 162 454 
1166289101 943 1783593749.154 1 -1.656 7.197 1.656 0.841 90 442 -1.442 6.093 2.060 -1.683 195 421 -1.106 6.937 0.885 -0.841 119 456 -0.946 7.324 1.656 -0.841 115 456 
1176182967 944 1783593749.205 1 -1.495 6.065 2.777 -1.683 176 427 -0.191 5.854 1.717 -0.841 187 427 -0.259 8.096 1.816 -0.841 107 438 
1186147548 945 1783593749.255 1 -1.442 5.938 2.472 -1.683 217 431 -0.244 7.619 1.709 -0.841 136 484 -1.053 10.726 3.159 -0.841 91 469 
1196208290 946 1783593749.307 1 -1.030 5.935 2.678 -0.841 244 416 -0.702 10.523 3.860 -0.841 93 462 
1206223945 947 1783593749.354 1 0.000 6.030 1.984 -0.841 255 421 
1216203514 948 1783593749.394 1 0.000 5.732 2.098 -0.841 202 420 0.000 6.190 2.266 -0.841 175 425 0.000 7.434 1.419 -0.841 91 453 
1226231939 949 1783593749.445 1 -0.427 6.546 1.923 -0.841 148 426 
1236181426 950 1783593749.503 1 -0.214 6.667 1.495 -0.841 119 419 
1246281162 951 1783593749.553 1 -0.427 6.480 2.136 -0.841 97 420 
1256149535 952 1783593749.603 1 
1266300899 953 1783593749.643 1 
1276211102 954 1783593749.694 1 
1286200286 955 1783593749.744 1 
1296209339 956 1783593749.794 1 
1306202382 957 1783593749.844 1 -7.141 4.138 3.021 4.207 78 436 
1316227984 958 1783593749.900 1 
1326194587 959 1783593749.944 1 
1336238258 960 1783593749.993 1 
1346157992 961 1783593750.044 1 
1356160283 962 1783593750.094 1 
1366142941 963 1783593750.144 1 
1376211548 964 1783593750.193 1 
1386183087 965 1783593750.244 1 
1396120341 966 1783593750.294 1 
1406177078 967 1783593750.343 1 
1416165518 968 1783593750.393 1 
1426165444 969 1783593750.444 1 
1436126226 970 1783593750.493 1 
1446156624 971 1783593750.544 1 
1456120761 972 1783593750.593 1 
1466115697 973 1783593750.643 1 
1476115527 974 1783593750.693 1 
1486091036 975 1783593750.743 1 
1496119211 976 1783593750.793 1 
1506079182 977 1783593750.843 1 
1516100694 978 1783593750.893 1 
1526141462 979 1783593750.943 1 
1536078510 980 1783593750.994 1 
1546143192 981 1783593751.043 1 
1556137531 982 1783593751.093 1 
1566112543 983 1783593751.144 1 
1576112472 984 1783593751.193 1 
1586078588 985 1783593751.243 1 
1596140840 986 1783593751.293 1 
1606112635 987 1783593751.344 1 
1616079901 988 1783593751.393 1 
1626141971 989 1783593751.443 1 
1636079194 990 1783593751.493 1 
1646141569 991 1783593751.543 1 
1656079689 992 1783593751.593 1 
1666137194 993 1783593751.643 1 
1676056587 994 1783593751.693 1 
1686079399 995 1783593751.743 1 
1696137507 996 1783593751.793 1 
1706079079 997 1783593751.844 1 
1716137601 998 1783593751.893 1 
1726009619 999 1783593751.943 1 
1736112605 1000 1783593751.993 1 
1746084848 1001 1783593752.043 1 
1756076292 1002 1783593752.093 1 
1766112596 1003 1783593752.143 1 
1776112600 1004 1783593752.193 1 
1786078248 1005 1783593752.243 1 
1796142319 1006 1783593752.293 1 
1806079054 1007 1783593752.344 1 
1816138473 1008 1783593752.393 1 
1826112612 1009 1783593752.443 1 
1836078136 1010 1783593752.493 1 
1846137720 1011 1783593752.543 1 
1856112121 1012 1783593752.593 1 
1866078677 1013 1783593752.643 1 
1876078735 1014 1783593752.693 1 
1886077504 1015 1783593752.743 1 
1896076630 1016 1783593752.793 1 
1906112023 1017 1783593752.843 1 
1916112432 1018 1783593752.893 1 
1926079254 1019 1783593752.943 1 
1936076496 1020 1783593752.993 1 
1946086072 1021 1783593753.043 1 
1956137559 1022 1783593753.093 1 
1966112625 1023 1783593753.144 1 
1976078451 1024 1783593753.194 1 
1986137688 1025 1783593753.243 1 
1996078239 1026 1783593753.294 1 
2006076487 1027 1783593753.343 1 
2016112537 1028 1783593753.393 1 
2026078389 1029 1783593753.443 1 
2036137312 1030 1783593753.493 1 
2046112598 1031 1783593753.543 1 
2056079340 1032 1783593753.593 1 
2066139179 1033 1783593753.643 1 
2076112546 1034 1783593753.694 1 
2086055485 1035 1783593753.743 1 
2096112019 1036 1783593753.793 1 
2106081363 1037 1783593753.843 1 
2116136886 1038 1783593753.893 1 
2126079120 1039 1783593753.943 1 
2136142074 1040 1783593753.993 1 
2146085600 1041 1783593754.044 1 
2156136931 1042 1783593754.093 1 
2166077601 1043 1783593754.143 1 
2176077315 1044 1783593754.193 1 
2186080090 1045 1783593754.243 1 
2196076759 1046 1783593754.294 1 
2206079441 1047 1783593754.343 1 
2216077843 1048 1783593754.393 1 
2226111688 1049 1783593754.443 1 
2236078096 1050 1783593754.493 1 
2246076927 1051 1783593754.543 1 
2256112628 1052 1783593754.593 1 
2266077557 1053 1783593754.643 1 
2276135839 1054 1783593754.693 1 
2286112936 1055 1783593754.744 1 
2296079524 1056 1783593754.793 1 
2306076753 1057 1783593754.843 1 
2316079885 1058 1783593754.893 1 
2326137405 1059 1783593754.943 1 
2336112602 1060 1783593754.994 1 
2346086310 1061 1783593755.043 1 
2356141883 1062 1783593755.093 1 
2366111812 1063 1783593755.144 1 
2376078419 1064 1783593755.193 1 
2386137203 1065 1783593755.243 1 
2396080102 1066 1783593755.294 1 
2406137770 1067 1783593755.343 1 
2416112333 1068 1783593755.394 1 
2426112560 1069 1783593755.443 1 
2436112169 1070 1783593755.494 1 
2446110656 1071 1783593755.543 1 
2456112603 1072 1783593755.594 1 
2466078204 1073 1783593755.643 1 
2476137124 1074 1783593755.693 1 
2486112603 1075 1783593755.744 1 
2496112211 1076 1783593755.794 1 
2506112161 1077 1783593755.843 1 
2516111618 1078 1783593755.894 1 
2526080837 1079 1783593755.944 1 
2536136898 1080 1783593755.994 1 
2546086713 1081 1783593756.044 1 
2556137662 1082 1783593756.094 1 
2566079767 1083 1783593756.144 1 
2576136517 1084 1783593756.193 1 
2586080231 1085 1783593756.244 1 
2596141116 1086 1783593756.293 1 
2606112208 1087 1783593756.344 1 
2616112003 1088 1783593756.393 1 
2626112046 1089 1783593756.444 1 
2636112598 1090 1783593756.494 1 
2646079010 1091 1783593756.544 1 
2656076979 1092 1783593756.593 1 
2666112529 1093 1783593756.643 1 
2676111225 1094 1783593756.694 1 
2686111420 1095 1783593756.744 1 
2696079853 1096 1783593756.794 1 
2706137082 1097 1783593756.843 1 
2716079413 1098 1783593756.894 1 
2726142331 1099 1783593756.944 1 
2736112549 1100 1783593756.994 1 
2746086749 1101 1783593757.044 1 
2756076162 1102 1783593757.093 1 
2766112059 1103 1783593757.144 1 
2776078710 1104 1783593757.194 1 
2786137597 1105 1783593757.244 1 
2796112595 1106 1783593757.294 1 
2806112597 1107 1783593757.344 1 
2816111077 1108 1783593757.394 1 
2826077998 1109 1783593757.444 1 
2836136612 1110 1783593757.493 1 
2846112001 1111 1783593757.544 1 
2856079066 1112 1783593757.594 1 
2866103063 1113 1783593757.644 1 
2876141947 1114 1783593757.694 1 
2886079105 1115 1783593757.744 1 
2896136651 1116 1783593757.793 1 
2906112076 1117 1783593757.844 1 
2916078909 1118 1783593757.894 1 
2926142195 1119 1783593757.944 1 
2936079106 1120 1783593757.994 1 
2946143558 1121 1783593758.044 1 
2956136889 1122 1783593758.094 1 
2966078047 1123 1783593758.144 1 
2976077338 1124 1783593758.194 1 
2986078641 1125 1783593758.244 1 
2996141846 1126 1783593758.293 1 
3006079647 1127 1783593758.344 1 
3016078120 1128 1783593758.393 1 
3026077977 1129 1783593758.444 1 
3036143379 1130 1783593758.493 1 
3046078557 1131 1783593758.544 1 
3056078225 1132 1783593758.593 1 
3066111197 1133 1783593758.644 1 
3076112585 1134 1783593758.694 1 
3086079194 1135 1783593758.744 1 
3096142712 1136 1783593758.793 1 
3106111603 1137 1783593758.844 1 
3116078972 1138 1783593758.894 1 
3126142219 1139 1783593758.944 1 
3136112503 1140 1783593758.994 1 
3146086453 1141 1783593759.044 1 
3156136788 1142 1783593759.094 1 
3166113447 1143 1783593759.144 1 
3176112584 1144 1783593759.194 1 
3186078573 1145 1783593759.244 1 
3196137430 1146 1783593759.293 1 
3206080497 1147 1783593759.344 1 
3216158917 1148 1783593759.394 1 
3226111397 1149 1783593759.444 1 
3236112013 1150 1783593759.494 1 
3246112479 1151 1783593759.544 1 
3256078673 1152 1783593759.594 1 
3266141766 1153 1783593759.644 1 
3276078789 1154 1783593759.694 1 
3286136948 1155 1783593759.744 1 
3296077881 1156 1783593759.794 1 
3306137392 1157 1783593759.844 1 
3316080181 1158 1783593759.894 1 
3326137944 1159 1783593759.944 1 
3336078043 1160 1783593759.994 1 
3346143459 1161 1783593760.044 1 
3356076140 1162 1783593760.094 1 
3366078521 1163 1783593760.144 1 
3376137826 1164 1783593760.194 1 
3386054528 1165 1783593760.244 1 
3396079617 1166 1783593760.293 1 
3406137817 1167 1783593760.344 1 
3416111430 1168 1783593760.394 1 
3426112327 1169 1783593760.444 1 
3436079610 1170 1783593760.494 1 
3446136292 1171 1783593760.544 1 
3456078682 1172 1783593760.594 1 
3466077563 1173 1783593760.644 1 
3476055442 1174 1783593760.694 1 
3486112395 1175 1783593760.744 1 
3496079515 1176 1783593760.794 1 
3506141707 1177 1783593760.844 1 
3516079965 1178 1783593760.894 1 
3526137116 1179 1783593760.944 1 
3536078618 1180 1783593760.994 1 
3546143681 1181 1783593761.044 1 
3556137658 1182 1783593761.094 1 
3566078402 1183 1783593761.144 1 
3576138027 1184 1783593761.194 1 
3586079608 1185 1783593761.244 1 
3596136667 1186 1783593761.294 1 
3606079301 1187 1783593761.344 1 
3616142173 1188 1783593761.394 1 
3626112089 1189 1783593761.444 1 
3636078860 1190 1783593761.494 1 
3646137422 1191 1783593761.544 1 
3656111746 1192 1783593761.594 1 
3666111157 1193 1783593761.644 1 
3676078806 1194 1783593761.694 1 
3686077635 1195 1783593761.744 1 
3696112603 1196 1783593761.794 1 
3706112632 1197 1783593761.844 1 
3716112831 1198 1783593761.894 1 
3726010334 1199 1783593761.944 1 
3736079265 1200 1783593761.993 1 
3746142364 1201 1783593762.044 1 
3756142515 1202 1783593762.094 1 
3766053953 1203 1783593762.144 1 
3776079193 1204 1783593762.194 1 
3786137012 1205 1783593762.244 1 
3796112492 1206 1783593762.294 1 
3806111698 1207 1783593762.344 1 
3816079912 1208 1783593762.394 1 
3826077018 1209 1783593762.444 1 
3836078327 1210 1783593762.494 1 
3846136156 1211 1783593762.544 1 
3856078242 1212 1783593762.594 1 
3866076801 1213 1783593762.644 1 
3876078775 1214 1783593762.694 1 
3886077366 1215 1783593762.744 1 
3896112359 1216 1783593762.794 1 
3906078862 1217 1783593762.844 1 
3916137939 1218 1783593762.894 1 
3926112463 1219 1783593762.944 1 
3936054896 1220 1783593762.994 1 
3946087466 1221 1783593763.044 1 
3956076503 1222 1783593763.094 1 
3966079224 1223 1783593763.144 1 
3976136607 1224 1783593763.195 1 
3986112598 1225 1783593763.244 1 
3996077933 1226 1783593763.294 1 
4006142409 1227 1783593763.344 1 
4016111699 1228 1783593763.394 1 
4026112764 1229 1783593763.444 1 
4036054255 1230 1783593763.494 1 
4046078803 1231 1783593763.544 1 
4056078391 1232 1783593763.594 1 
4066112092 1233 1783593763.644 1 
4076079295 1234 1783593763.694 1 
4086076554 1235 1783593763.744 1 
4096112606 1236 1783593763.794 1 
4106079140 1237 1783593763.844 1 
4116137236 1238 1783593763.894 1 
4126079386 1239 1783593763.944 1 
4136137087 1240 1783593763.994 1 
4146086092 1241 1783593764.044 1 
4156137171 1242 1783593764.094 1 
4166112613 1243 1783593764.144 1 
4176079429 1244 1783593764.194 1 
4186137520 1245 1783593764.244 1 
4196078856 1246 1783593764.294 1 
4206078361 1247 1783593764.344 1 
4216078827 1248 1783593764.394 1 
4226076874 1249 1783593764.444 1 
4236079629 1250 1783593764.494 1 
4246138495 1251 1783593764.544 1 
4256077817 1252 1783593764.594 1 
4266077110 1253 1783593764.644 1 
4276056454 1254 1783593764.694 1 
4286079141 1255 1783593764.744 1 
1110552 1256 1783593764.794 1 
11144686 1257 1783593764.844 1 
21110309 1258 1783593764.894 1 
31173872 1259 1783593764.944 1 
41144601 1260 1783593764.994 1 
51119254 1261 1783593765.044 1 
61169569 1262 1783593765.094 1 
71111293 1263 1783593765.144 1 
81108917 1264 1783593765.194 1 
91145316 1265 1783593765.244 1 
101145299 1266 1783593765.294 1 
111111409 1267 1783593765.344 1 
121169672 1268 1783593765.394 1 
131145052 1269 1783593765.444 1 
141113039 1270 1783593765.494 1 
151109418 1271 1783593765.544 1 
161112523 1272 1783593765.594 1 
171170255 1273 1783593765.644 1 
181111325 1274 1783593765.694 1 
191169684 1275 1783593765.744 1 
201145328 1276 1783593765.794 1 
211145449 1277 1783593765.844 1 
221145321 1278 1783593765.894 1 
231145299 1279 1783593765.944 1 
241111100 1280 1783593765.994 1 
251176297 1281 1783593766.044 1 
261170577 1282 1783593766.094 1 
271112049 1283 1783593766.144 1 
281170333 1284 1783593766.194 1 
291144979 1285 1783593766.244 1 
301112194 1286 1783593766.294 1 
311168986 1287 1783593766.344 1 
321143753 1288 1783593766.394 1 
331145066 1289 1783593766.444 1 
341145676 1290 1783593766.494 1 
351087550 1291 1783593766.544 1 
361145105 1292 1783593766.594 1 
371145019 1293 1783593766.644 1 
381144079 1294 1783593766.694 1 
391144393 1295 1783593766.744 1 
401110861 1296 1783593766.794 1 
411169994 1297 1783593766.844 1 
421145278 1298 1783593766.895 1 
431042215 1299 1783593766.944 1 
441145177 1300 1783593766.994 1 
451118632 1301 1783593767.044 1 
461170149 1302 1783593767.094 1 
471110897 1303 1783593767.144 1 
481169799 1304 1783593767.194 1 
491111695 1305 1783593767.244 1 
501174062 1306 1783593767.294 1 
511145176 1307 1783593767.344 1 
521111624 1308 1783593767.394 1 
531169389 1309 1783593767.444 1 
541145085 1310 1783593767.494 1 
551145329 1311 1783593767.544 1 
561145340 1312 1783593767.594 1 
571111720 1313 1783593767.644 1 
581169411 1314 1783593767.694 1 
591145285 1315 1783593767.744 1 
601110755 1316 1783593767.794 1 
611175848 1317 1783593767.844 1 
621112713 1318 1783593767.895 1 
631170874 1319 1783593767.944 1 
641111370 1320 1783593767.994 1 
651175891 1321 1783593768.044 1 
661170575 1322 1783593768.095 1 
671145319 1323 1783593768.144 1 
681111444 1324 1783593768.195 1 
691134488 1325 1783593768.244 1 
701174681 1326 1783593768.294 1 
711144962 1327 1783593768.345 1 
721111857 1328 1783593768.394 1 
731174907 1329 1783593768.444 1 
741111456 1330 1783593768.495 1 
751171594 1331 1783593768.544 1 
761145301 1332 1783593768.594 1 
771145165 1333 1783593768.644 1 
781112203 1334 1783593768.694 1 
791170203 1335 1783593768.744 1 
801111437 1336 1783593768.794 1 
811174851 1337 1783593768.844 1 
821087472 1338 1783593768.895 1 
831087672 1339 1783593768.944 1 
841110267 1340 1783593768.994 1 
851175890 1341 1783593769.044 1 
861110646 1342 1783593769.095 1 
871111550 1343 1783593769.144 1 
881169915 1344 1783593769.194 1 
891111963 1345 1783593769.244 1 
901108744 1346 1783593769.294 1 
911110448 1347 1783593769.344 1 
921138435 1348 1783593769.394 1 
931110327 1349 1783593769.444 1 
941169392 1350 1783593769.494 1 
951144881 1351 1783593769.545 1 
961145286 1352 1783593769.594 1 
971145327 1353 1783593769.644 1 
981145306 1354 1783593769.695 1 
991111258 1355 1783593769.745 1 
1001171064 1356 1783593769.794 1 
1011145293 1357 1783593769.845 1 
1021112096 1358 1783593769.895 1 
1031169454 1359 1783593769.944 1 
1041145023 1360 1783593769.995 1 
1051119149 1361 1783593770.044 1 
1061170128 1362 1783593770.094 1 
1071143830 1363 1783593770.145 1 
1081144184 1364 1783593770.195 1 
1091145316 1365 1783593770.244 1 
1101110518 1366 1783593770.295 1 
1111111591 1367 1783593770.344 1 
1121111795 1368 1783593770.394 1 
1131170786 1369 1783593770.444 1 
1141144567 1370 1783593770.495 1 
1151111453 1371 1783593770.544 1 
1161170682 1372 1783593770.594 1 
1171113271 1373 1783593770.645 1 
1181110830 1374 1783593770.694 1 
1191111801 1375 1783593770.744 1 
1201169957 1376 1783593770.794 1 
1211113317 1377 1783593770.845 1 
1221170251 1378 1783593770.895 1 
1231109917 1379 1783593770.945 1 
1241169800 1380 1783593770.994 1 
1251216358 1381 1783593771.045 1 
1261169362 1382 1783593771.095 1 
1271144877 1383 1783593771.145 1 
1281144921 1384 1783593771.194 1 
1291112140 1385 1783593771.244 1 
1301108713 1386 1783593771.294 1 
1311087656 1387 1783593771.344 1 
1321145288 1388 1783593771.394 1 
1331145349 1389 1783593771.444 1 
1341110404 1390 1783593771.495 1 
1351170716 1391 1783593771.544 1 
1361145242 1392 1783593771.594 1 
1371143898 1393 1783593771.644 1 
1381110360 1394 1783593771.695 1 
1391109192 1395 1783593771.744 1 
1401111339 1396 1783593771.795 1 
1411109656 1397 1783593771.844 1 
1421112864 1398 1783593771.895 1 
1431110178 1399 1783593771.944 1 
1441111495 1400 1783593771.994 1 
1451176036 1401 1783593772.044 1 
1461110282 1402 1783593772.095 1 
1471145337 1403 1783593772.145 1 
1481112072 1404 1783593772.195 1 
1491169685 1405 1783593772.244 1 
1501110347 1406 1783593772.295 1 
1511170256 1407 1783593772.345 1 
1521111043 1408 1783593772.395 1 
1531110258 1409 1783593772.444 1 
1541087231 1410 1783593772.495 1 
1551112138 1411 1783593772.545 1 
1561111283 1412 1783593772.594 1 
1571110114 1413 1783593772.644 1 
1581107880 1414 1783593772.694 1 
1591144935 1415 1783593772.744 1 
1601112360 1416 1783593772.794 1 
1611170587 1417 1783593772.844 1 
1621111161 1418 1783593772.894 1 
1631170669 1419 1783593772.944 1 
1641088148 1420 1783593772.994 1 
1651167954 1421 1783593773.044 1 
1661111301 1422 1783593773.094 1 
1671169177 1423 1783593773.144 1 
1681145112 1424 1783593773.240 1 
1691088253 1425 1783593773.244 1 
1701112059 1426 1783593773.294 1 
1711169249 1427 1783593773.344 1 
1721111317 1428 1783593773.394 1 
1731109695 1429 1783593773.444 1 
1741111436 1430 1783593773.494 1 
1751168704 1431 1783593773.544 1 
1761087070 1432 1783593773.594 1 
1771111837 1433 1783593773.644 1 
1781133334 1434 1783593773.694 1 
1791173952 1435 1783593773.744 1 
1801145307 1436 1783593773.794 1 
1811111496 1437 1783593773.844 1 
1821109270 1438 1783593773.894 1 
1831145301 1439 1783593773.944 1 
1841111497 1440 1783593773.994 1 
1851176188 1441 1783593774.044 1 
1861171510 1442 1783593774.094 1 
1871145838 1443 1783593774.144 1 
1881111138 1444 1783593774.194 1 
1891169969 1445 1783593774.244 1 
1901111329 1446 1783593774.294 1 
1911169483 1447 1783593774.344 1 
1921111440 1448 1783593774.394 1 
1931110073 1449 1783593774.444 1 
1941088035 1450 1783593774.494 1 
1951112125 1451 1783593774.544 1 
1961169098 1452 1783593774.594 1 
1971112853 1453 1783593774.644 1 
1981169896 1454 1783593774.694 1 
1991111488 1455 1783593774.744 1 
2001187175 1456 1783593774.794 1 
2011088954 1457 1783593774.845 1 
2021143858 1458 1783593774.894 1 
2031145084 1459 1783593774.944 1 
2041112412 1460 1783593774.994 1 
2051176062 1461 1783593775.044 1 
2061125712 1462 1783593775.094 1 
2071144588 1463 1783593775.144 1 
